-18,-16260,0,-16260
-5,-9779,-775,-9004
1,18597,-310,18906
11,24231,2896,21335
-11,-32318,-1824,-30495
3,-20915,-1562,-19354
11,17824,7127,10697
23,42806,14219,28588
10,-13698,1582,-15279
-19,-39779,-25638,-14141
-29,-35526,-30104,-5422
-23,22336,266,22071
-18,31906,32955,-1049
-23,-16467,2712,-19179
-19,-36469,-28803,-7666
-7,-13778,-18808,5031
9,8604,1607,6996
-8,-23520,-25847,2328
-25,-59521,-46096,-13425
-2,-14753,-338,-14415
24,65996,55662,10334
30,33905,34259,-354
18,-39176,-22866,-16310
16,-25879,-19265,-6614
-9,292,-6425,6716
-20,-241,5001,-5242
-12,13908,22091,-8184
-7,39050,34436,4613
-5,1149,265,884
7,-11555,-6100,-5455
-5,-11614,-15056,3443
-7,-23474,-23105,-370
-1,-8829,-3619,-5211
15,32893,34141,-1248
5,6011,875,5135
-2,-26339,-27369,1029
-19,-32093,-31927,-165
-14,4626,5703,-1077
-12,15313,15583,-270
5,22800,23579,-779
-1,-10287,-11275,988
-20,-40140,-43347,3207
1,-23222,-13127,-10095
15,42920,43797,-877
-5,5792,-1217,7009
-22,-66672,-64851,-1820
-32,-34651,-35664,1013
-34,8083,4373,3710
2,28927,36152,-7224
11,28202,23432,4770
20,-14075,-10260,-3815
18,-42448,-38516,-3933
-8,-25862,-27872,2010
-3,-17376,-13656,-3720
20,47676,49897,-2221
24,62086,57119,4967
25,-3113,-3617,504
8,-25958,-25776,-182
7,962,908,54
-17,3865,2459,1406
-22,2931,1927,1004
-2,18238,20782,-2544
13,52898,51807,1092
14,2558,1533,1024
-10,-50987,-51542,555
-23,-47611,-47761,150
-21,-1200,-1100,-100
-8,37339,36504,835
20,34518,35551,-1033
5,-7943,-9126,1182
0,-49424,-49144,-280
-12,-35870,-34550,-1320
1,26341,25839,502
6,25418,25835,-417
16,20281,20173,107
-3,-23067,-23306,239
1,-18334,-18294,-40
1,6348,7003,-655
7,30972,30017,956
5,793,1007,-214
-7,-10355,-11187,831
-20,-27228,-27870,641
-3,7175,7985,-809
8,38915,39266,-351
4,8259,7590,670
20,-19665,-17853,-1813
13,4161,4152,8
-12,-17107,-18764,1657
-30,-45744,-45400,-344
-38,-6002,-6173,171
-11,36050,36495,-446
3,36640,36612,28
2,-14005,-14180,174
4,-51750,-50226,-1524
19,-2162,-1532,-630
7,10607,10092,515
-16,-32188,-32743,555
-20,-31700,-30700,-1001
-10,28787,29031,-244
11,45712,45554,158
25,20562,20724,-162
0,-31073,-31513,440
-30,-73576,-73736,159
-6,-8143,-7316,-827
28,93266,93168,97
6,32204,31700,504
7,-64699,-64100,-599
-14,-38202,-37892,-310
-33,-1147,-2648,1501
-33,-17978,-16966,-1012
-27,18950,18966,-16
-13,10977,11188,-211
-15,-24025,-23816,-209
4,-25109,-25147,38
7,-11182,-10737,-445
-1,-15898,-16088,190
4,-28391,-28273,-118
-11,-4926,-4845,-81
9,11616,11427,189
29,36631,37035,-404
3,11626,11467,159
-7,-56271,-56399,128
-5,-8360,-8178,-182
-2,46383,46119,264
-17,-3293,-3255,-38
-14,-22282,-22274,-8
16,21801,21922,-121
40,58348,58305,42
28,-45,-106,61
6,-56610,-56766,156
7,-16225,-16444,219
-17,27464,27379,85
-27,3581,3270,311
-29,-9083,-8746,-337
0,38762,38377,385
24,38759,38880,-121
21,-1689,-1819,130
-8,-70275,-70096,-179
-34,-66605,-66492,-113
-41,-11487,-11235,-252
-7,54469,54543,-74
27,69480,70061,-581
40,17485,17248,237
25,-54515,-53822,-693
-11,-68252,-68581,329
-39,-42080,-41264,-816
-10,41244,40579,665
16,95797,96664,-867
24,38639,38205,434
24,-44658,-44455,-203
7,-35740,-36147,408
-21,-27959,-28168,208
-29,-13442,-13348,-94
3,48926,48685,241
9,59838,59919,-82
8,-11026,-10928,-98
-14,-65166,-64652,-513
-29,-37934,-37591,-343
4,20183,20487,-304
36,81815,81834,-19
44,36635,36242,392
0,-71029,-71048,19
-29,-82928,-83853,924
-34,-4027,-3704,-323
-7,82497,81306,1191
25,68766,68881,-115
17,1027,323,703
-4,-73616,-73701,85
-3,-43974,-44390,416
17,48384,47779,604
25,57176,56736,439
1,-14904,-15241,337
-9,-45833,-46134,300
-8,3785,3706,79
-8,36389,36500,-111
-6,6509,6690,-181
-17,-17481,-17150,-331
-6,-11603,-11399,-203
13,17960,18029,-68
-4,5195,5350,-156
-29,-63299,-63012,-287
-27,-41797,-41556,-241
6,50189,50433,-244
12,46489,46787,-298
2,-32651,-32492,-159
-21,-72936,-72795,-141
-12,-14605,-14550,-56
11,44912,44946,-34
34,57513,57416,97
4,-23765,-23776,10
-11,-66852,-67011,160
-26,-30194,-30265,71
-33,24011,24147,-136
-10,21644,21850,-205
28,52689,52823,-133
23,13652,13904,-252
12,-57495,-57434,-61
-4,-52954,-52858,-96
-14,5636,5579,57
2,32396,32300,96
2,37156,37106,50
16,12328,12177,151
13,-8042,-8208,165
10,-1858,-2110,252
5,-10847,-11053,206
2,10722,10498,224
-18,-5109,-5094,-15
-7,-439,-412,-27
-10,14469,14580,-110
-20,-1099,-811,-288
-24,-39103,-38662,-441
-28,-17478,-17393,-85
-31,-16520,-16426,-94
7,8947,9070,-123
2,13293,13448,-155
12,-25187,-25027,-160
-3,-51504,-51335,-169
-15,-17171,-17127,-44
-16,-16931,-16897,-34
-24,9964,9948,15
-5,7971,8036,-65
-7,2841,2940,-99
-18,-26193,-26050,-144
-6,-37235,-37140,-95
-11,4014,4033,-19
-24,-19255,-19190,-65
-31,-46913,-46803,-110
-7,6341,6336,4
-4,20459,20532,-73
17,357,421,-63
18,-17551,-17528,-23
-7,-28780,-28745,-35
-6,-40460,-40422,-38
-12,13000,12984,16
-11,23791,23864,-73
-9,-6112,-5959,-153
11,15751,15802,-50
5,3521,3537,-16
-17,-37751,-37615,-136
-20,-46633,-46409,-224
6,32840,32931,-91
27,61926,61907,19
19,459,389,71
-1,-57206,-57374,168
1,-21829,-22121,292
19,50421,50038,383
17,47394,47210,184
-7,-23406,-23499,93
-26,-49626,-49595,-31
-23,797,884,-86
-17,34739,34896,-158
-19,5288,5526,-238
-12,-27534,-27352,-182
4,-7944,-7902,-42
7,3568,3591,-23
-2,-25679,-25616,-63
-6,-33068,-32999,-69
-23,-18447,-18427,-20
4,14065,14075,-10
0,26221,26228,-7
8,5470,5501,-31
4,-31217,-31131,-86
-16,-15889,-15871,-17
-15,-25616,-25486,-130
-10,14660,14763,-103
-13,15062,15276,-214
2,-9205,-8911,-294
11,6977,7078,-101
25,14579,14485,93
12,-15182,-15252,70
11,-15787,-15993,206
6,1133,913,220
-15,8379,8215,165
-8,-3816,-3819,2
7,35230,35106,124
-2,23563,23509,54
-10,-36269,-36079,-191
-6,-20711,-20583,-129
-9,12771,12845,-74
-3,1946,2055,-109
7,2781,2838,-57
-12,-10015,-9867,-147
-25,-44783,-44441,-342
-2,-4044,-3904,-140
21,60385,60380,5
18,16792,16821,-30
8,-47484,-47549,65
-8,-36425,-36588,163
6,18328,18049,279
-1,33213,33085,129
-19,-7932,-7822,-110
-30,-46022,-45659,-363
1,22085,22241,-155
6,45086,45266,-179
-7,-20788,-20570,-217
-29,-79794,-79557,-237
-20,-19021,-18894,-127
-5,33915,34071,-156
-3,18700,18823,-123
-3,-33452,-33338,-113
-21,-43367,-43321,-46
-19,-24506,-24473,-33
-2,11447,11493,-46
1,24772,24800,-28
-13,-31548,-31493,-56
-16,-46511,-46433,-79
-24,-15978,-15891,-87
5,22150,22241,-91
3,17035,17130,-95
-5,-22355,-22283,-73
-3,-45883,-45798,-84
-3,7645,7658,-13
8,16130,16139,-9
-11,-10858,-10801,-57
-18,-30203,-30103,-100
0,-1440,-1333,-107
15,48405,48421,-16
20,12959,12921,38
-1,-38092,-38122,31
-23,-48004,-48016,13
-5,3279,3241,38
22,72995,72818,177
11,30807,30739,68
-22,-72104,-72019,-85
-18,-51473,-51380,-93
-12,35282,35487,-206
-18,25887,26367,-481
-20,-34534,-33914,-620
-20,-24715,-24585,-130
-2,4011,4128,-117
16,16286,16490,-204
-6,-21036,-20958,-78
-13,-59053,-58960,-93
-21,-25569,-25592,22
1,35297,35210,87
19,36388,36497,-109
13,5675,5685,-11
21,-30799,-30759,-40
13,-3335,-3511,175
18,20481,20248,233
8,7802,7734,68
-15,-4569,-4687,117
-1,-1500,-1463,-37
27,63301,63220,81
10,35334,35183,151
6,-42686,-42687,1
-19,-38226,-38334,107
-20,6881,6728,153
0,26369,26450,-80
4,42028,42060,-32
6,-12530,-12398,-132
-17,-46875,-46736,-139
-17,-28622,-28475,-147
-21,-2392,-2212,-180
-5,25049,25222,-173
22,22220,22415,-195
17,10409,10383,26
16,-33926,-33942,16
20,-14020,-14218,198
1,14963,14672,291
10,6415,6318,97
6,22275,22173,102
-4,17720,17615,105
11,-1753,-1780,27
24,41146,40977,168
30,32734,32590,144
20,-10310,-10322,12
8,-13274,-13360,86
7,10432,10326,105
17,43935,43837,99
18,39871,39803,68
13,7901,7898,3
-10,-21506,-21477,-28
-27,-23019,-23051,33
-16,10025,10036,-11
10,56980,56913,67
33,45975,45990,-15
38,-156,-223,67
-5,-58247,-58303,55
-20,-60161,-60250,89
-23,12361,12200,160
-26,51764,51800,-36
-25,-3933,-3631,-301
-7,-4902,-4822,-81
-2,-309,-300,-9
7,-14913,-14843,-71
24,-9573,-9518,-55
17,5041,4946,96
12,-16272,-16247,-26
-14,-28433,-28389,-44
-23,-8865,-8871,6
8,36918,36823,95
8,59183,58934,248
16,-3275,-3284,8
8,-35706,-35699,-6
-8,-13269,-13433,164
-29,-32195,-32051,-144
-4,18227,18293,-67
-5,41282,41398,-116
3,6333,6662,-329
0,-35286,-34975,-311
-10,-16337,-16221,-116
4,-7808,-7720,-88
23,37360,37122,237
-3,3853,3652,201
-31,-70256,-70076,-180
-23,-29610,-29370,-240
-22,43584,43906,-322
9,35864,36327,-463
33,17972,18312,-340
17,-9792,-9780,-12
-20,-84986,-84576,-410
-17,-39865,-39791,-74
15,71669,71584,85
22,75908,75791,117
30,-6017,-6306,289
0,-47440,-47682,241
-25,-40891,-41211,320
-4,8530,8336,194
1,71678,71594,84
18,31991,31933,58
11,-22471,-22531,60
9,-15111,-15290,179
-16,-29870,-29913,43
-22,-11753,-11660,-93
-7,16354,16460,-106
17,57515,57540,-25
-3,-4534,-4242,-293
-22,-68608,-68252,-357
-34,-52050,-51690,-359
-2,39260,39499,-239
18,57528,57814,-286
32,17183,17302,-119
28,-37495,-37556,60
-10,-45761,-45811,51
-31,-46319,-46335,16
-28,12497,12481,16
-2,69866,69863,3
-2,26592,26868,-276
4,-29434,-29274,-159
-8,-44734,-44573,-161
-26,-32202,-31891,-312
-34,-33874,-33491,-383
-32,-616,-592,-25
-16,13723,13733,-10
-12,-5054,-5014,-40
19,-6936,-6888,-48
27,1542,1535,7
11,-21660,-21645,-15
-23,-72847,-72781,-66
-24,-23565,-23550,-15
-25,32072,32128,-56
12,56511,56624,-113
26,28684,28817,-133
-3,-32343,-32248,-95
-26,-94893,-94648,-245
-25,-20687,-20539,-148
8,68502,68677,-175
0,36861,37066,-205
-19,-53779,-53511,-268
2,-45007,-44853,-154
31,60675,60654,20
17,30042,29883,159
4,-55375,-55553,178
13,-15708,-15872,164
-8,32078,31949,129
-6,1784,1713,71
-11,-3042,-2978,-64
1,27232,27210,23
7,9784,9842,-58
16,10619,10567,52
-2,-22381,-22397,16
-7,-25501,-25546,44
-6,-990,-997,7
-8,23228,23254,-26
8,11762,11799,-37
-4,-246,-158,-88
-4,-18629,-18560,-69
-8,-19648,-19497,-150
-18,417,583,-165
-22,-20506,-20151,-355
-28,-14246,-13925,-321
-31,-15898,-15730,-168
-19,-12139,-12020,-119
11,15931,16093,-162
14,7239,7398,-159
-8,-52442,-52334,-109
7,-44979,-44869,-110
7,26796,26836,-40
-2,17095,17041,53
-13,-35342,-35267,-75
-13,-5715,-5700,-15
16,36553,36478,76
8,27412,27438,-26
-7,-35342,-35284,-58
8,-30116,-30118,1
-5,25884,25818,67
13,16709,16598,110
5,-2014,-2047,34
14,13579,13391,188
27,9838,9647,191
2,11668,11429,238
-17,-42710,-42811,102
-21,-16871,-16948,77
-2,50383,50285,98
5,36511,36566,-55
-8,-20262,-20093,-168
-4,-41894,-41743,-151
-10,-6800,-6680,-120
5,17219,17235,-16
-6,-3693,-3588,-105
3,-6544,-6525,-19
25,11323,11184,139
31,41711,41327,383
32,939,721,218
-6,-36360,-36520,160
-28,-37166,-37489,323
-22,11831,11778,53
-11,64949,64776,173
9,31296,31240,56
3,-14961,-14888,-73
-11,-46125,-45995,-130
5,-23325,-23316,-8
6,30489,30442,47
-4,3834,3829,5
-19,-43752,-43567,-185
-28,-22138,-21831,-307
-9,15553,15744,-192
17,45876,46007,-131
16,12784,12866,-82
19,-34907,-35028,121
10,-25509,-25630,121
-16,-13121,-13194,73
-6,-4037,-4170,133
-17,25347,25446,-99
-24,2093,2319,-226
-14,-23156,-22872,-284
9,28487,28465,22
34,33911,33917,-6
31,-2726,-2730,5
-10,-62759,-62639,-120
-25,-60074,-60253,178
-31,13885,13942,-57
-21,51399,51499,-100
-4,19581,19893,-312
5,1226,1385,-159
14,-19060,-18965,-95
5,-26979,-26843,-136
3,-19832,-19801,-31
-3,-5938,-5916,-23
-22,-4953,-4770,-183
-31,-24665,-24294,-372
-32,-7043,-6889,-155
9,37652,37563,89
18,32611,32987,-377
30,-10906,-10931,25
12,-52162,-51890,-273
1,-22401,-22527,126
4,4164,4022,142
15,53833,53524,309
23,37848,37577,270
0,-10913,-10931,18
-27,-48667,-48410,-258
-26,-18043,-17850,-193
1,56758,56795,-37
2,42614,42765,-151
1,-29119,-28968,-152
-16,-56443,-56294,-149
-25,-26559,-26403,-156
-28,-11299,-11070,-229
-19,10528,10700,-172
19,28094,28279,-185
27,23821,23932,-111
22,-26567,-26549,-18
7,-52933,-52909,-24
-14,-17096,-17119,22
-1,18195,18139,55
11,53838,53714,124
21,40309,40103,205
-1,-27336,-27399,63
2,-27082,-27184,103
0,7732,7619,112
-19,13438,13484,-46
-10,-15781,-15636,-145
-6,15537,15674,-137
15,30834,30833,1
22,4936,4919,18
14,-9512,-9668,156
17,-20189,-20458,269
1,3638,3310,327
9,18013,17770,242
5,19654,19538,116
14,28825,28690,135
-8,-11311,-11297,-14
-12,-16431,-16454,23
1,7865,7824,41
-8,31250,31222,28
-8,-17159,-17011,-148
14,-32,17,-49
11,27286,27229,57
14,-7432,-7518,86
17,-11475,-11689,214
-3,2424,2197,227
-7,-14991,-15112,121
2,17189,17030,159
-15,21377,21409,-33
7,-874,-826,-48
-4,2720,2829,-109
-24,-20344,-20117,-227
-24,-50213,-49831,-383
2,33384,33497,-113
8,38098,38318,-220
-7,-31681,-31426,-255
-24,-69629,-69418,-211
-15,-12391,-12297,-94
-16,22250,22379,-129
0,11768,11916,-148
22,6811,6959,-147
24,11633,11622,11
-8,-48542,-48481,-61
-13,-49951,-49996,45
-18,11654,11621,33
-15,35650,35699,-49
-10,75,313,-238
15,14674,14759,-85
10,2689,2755,-66
2,-30338,-30298,-39
-13,-42560,-42441,-119
-2,10166,10128,38
-11,17778,17858,-79
-16,-6780,-6562,-218
-1,-12320,-12070,-250
-13,6469,6645,-176
-28,-35843,-35532,-311
-16,-31862,-31663,-199
-5,25203,25214,-11
-9,120,191,-71
-14,-44561,-44400,-161
-11,-26064,-26015,-49
16,22619,22623,-3
14,22161,22182,-21
15,-15362,-15376,14
-8,-42847,-42772,-74
-26,-23582,-23632,50
3,18509,18497,12
20,72239,72176,63
6,7676,7656,20
11,-50206,-50182,-24
13,3212,3015,197
-9,10435,10241,194
-1,-13179,-13257,79
22,40415,40264,152
28,54799,54559,239
23,-8827,-8998,171
12,-23466,-23711,245
-20,-18527,-18785,259
-20,-4743,-4875,132
-24,25017,25034,-17
10,50576,50466,111
35,37110,37128,-17
25,2745,2655,89
-12,-81178,-81145,-33
-24,-52784,-52962,179
-23,27561,27605,-44
1,63531,63526,5
16,31183,31283,-100
-1,-23536,-23409,-127
0,-52206,-52118,-88
10,4661,4520,141
-4,23584,23470,115
-28,-38345,-38078,-268
-41,-43927,-43468,-459
-19,17984,18119,-134
21,63856,64324,-468
35,33947,34141,-194
16,-51310,-51067,-243
15,-58177,-58170,-7
20,21055,20912,143
19,52568,52464,104
18,17836,17782,54
-15,-15671,-15433,-238
-40,-36561,-36209,-352
-26,2483,2570,-87
14,81461,81646,-186
12,37640,37867,-227
-14,-71802,-71544,-258
-6,-67590,-67420,-170
8,35814,35885,-71
29,59067,58903,164
3,-16416,-16530,114
-30,-69103,-69163,61
-20,-30221,-30170,-52
-20,50202,50328,-126
-16,20373,20574,-201
6,-12628,-12347,-282
15,10611,10650,-39
13,-14257,-14244,-14
5,-34468,-34465,-3
-23,-30386,-30337,-50
-24,-16090,-16021,-69
-17,20227,20398,-171
5,42771,42896,-124
28,20651,20795,-143
17,-10582,-10554,-29
-9,-61616,-61541,-75
-14,-37883,-37915,31
11,49636,49417,219
36,78947,78610,337
4,-5725,-5940,214
5,-58482,-58787,304
0,-2748,-2986,238
3,49199,48958,241
-17,-11316,-11263,-54
-21,-18151,-18023,-128
-1,10763,10894,-131
23,54068,54086,-18
19,7352,7359,-7
4,-46069,-46112,43
-27,-54624,-54625,1
-41,-22591,-22494,-97
-20,26238,26339,-100
17,71489,71621,-133
43,42886,43081,-194
44,-19794,-19976,182
6,-66126,-65839,-288
-25,-61599,-62091,492
-9,23153,23301,-148
-10,79157,78779,378
0,28098,28120,-23
9,-15036,-15094,58
-5,-11398,-11305,-93
-16,-40082,-39726,-356
-31,-30647,-30007,-640
-28,-341,-28,-312
-6,19800,19931,-131
-6,11410,11675,-265
2,-27385,-27271,-114
-11,-41965,-41803,-161
-29,-36708,-36589,-119
-1,-7774,-7842,68
14,50246,50188,58
17,16873,16835,38
16,-38783,-38770,-13
-6,-26756,-26800,44
5,-742,-929,187
1,27348,27283,64
15,34417,34226,191
-1,-8681,-8684,3
-23,-29007,-28925,-82
-10,-20122,-20058,-64
-13,33587,33715,-127
8,24054,24128,-74
21,3667,3735,-68
-2,-14580,-14522,-58
-19,-62683,-62544,-139
0,-419,-485,66
7,59459,59421,39
-2,5372,5470,-98
-9,-44611,-44466,-145
8,3928,3882,45
-2,20724,20766,-42
-2,-9400,-9408,9
3,-12531,-12508,-23
1,17258,17188,70
1,-4065,-4099,33
16,9480,9274,206
10,15870,15588,282
0,-12673,-12971,298
14,-3995,-4390,395
4,27038,26713,325
0,2207,1977,230
-3,-13648,-13743,95
-23,-3065,-2985,-80
-3,1258,1370,-113
1,26334,26567,-234
0,8579,8788,-209
-17,-49916,-49531,-385
-22,-28783,-28538,-245
-9,5331,5589,-258
12,39292,39523,-231
29,22925,23047,-122
27,-9669,-9799,130
14,-29830,-30075,244
13,-8286,-8639,353
3,22481,22302,179
14,34570,34421,148
13,28228,28238,-10
14,18131,18098,32
0,-12078,-11988,-90
-24,-19845,-19837,-8
-39,-27231,-27290,59
-13,23916,23791,125
22,68082,68092,-11
16,15747,15922,-174
8,-64618,-64556,-62
-20,-62228,-61996,-232
0,11619,11538,82
2,44277,44275,2
11,32173,32054,119
-1,-30097,-30089,-8
-6,-18497,-18532,35
8,4495,4403,92
29,51933,51539,394
32,29046,28563,483
8,-27325,-27705,381
-22,-52786,-53191,405
-32,-13676,-13839,163
-22,40676,40633,43
5,54495,54390,104
-2,3645,3797,-152
1,-43623,-43587,-35
0,-33155,-33104,-50
7,14646,14566,80
15,11854,11699,154
7,3304,3187,117
-16,-31587,-31516,-71
-18,-23224,-23095,-129
-10,22754,22850,-95
-4,30711,30863,-153
-14,-19272,-18962,-310
-9,-31036,-30837,-198
17,13845,13853,-8
21,34114,34003,111
12,-18648,-18711,63
12,-30280,-30420,140
-7,-314,-486,171
-27,-12443,-12417,-27
-10,4393,4414,-21
-15,33840,33930,-90
5,12685,12840,-155
-7,-25612,-25298,-314
10,-7708,-7696,-13
4,-10627,-10600,-28
9,9463,9364,99
5,-12989,-13036,47
-11,-4697,-4688,-9
-26,-29708,-29511,-197
-15,2681,2781,-100
5,40969,41031,-62
31,39462,39506,-44
18,-14428,-14340,-88
-22,-71658,-71541,-116
-17,-45569,-45608,39
-5,52905,52804,101
23,74058,73970,88
10,-4737,-4734,-3
-13,-57028,-57027,-1
-36,-63746,-63447,-299
-27,11453,11826,-373
-4,48420,48919,-499
-5,18837,19433,-596
-10,-48008,-47577,-431
-22,-55663,-55627,-36
-26,-22077,-22259,182
-23,-7638,-7755,117
6,21692,21631,61
32,32571,32567,4
25,-3968,-3865,-104
-4,-68461,-68318,-143
3,-30543,-30623,80
-1,41178,40969,209
-21,17287,17267,20
-19,-29791,-29455,-337
-18,5591,5830,-240
15,37638,37662,-25
40,35745,35706,39
6,-20630,-20696,66
2,-73338,-73329,-9
-13,-12162,-12303,141
-14,38867,38693,174
-14,4847,5048,-201
5,24628,24688,-60
-3,1220,1340,-120
-10,-29433,-29279,-155
-25,-45849,-45537,-312
-29,-14059,-13816,-243
-30,-7744,-7569,-174
-3,15931,15997,-66
6,11701,11837,-136
27,-1481,-1424,-58
1,-41820,-41761,-59
1,-35268,-35282,15
-11,-14121,-14098,-23
-21,17613,17553,61
-9,-739,-611,-128
-3,23150,23234,-84
-15,-12070,-11897,-173
5,-23229,-23044,-185
-2,3349,3429,-80
-22,-23481,-23402,-79
-6,-34668,-34489,-179
23,50997,50982,15
3,22533,22531,2
-3,-57643,-57605,-38
15,-9595,-9678,83
14,53466,53201,265
-1,-7021,-7184,163
-13,-38482,-38567,85
-4,10394,10320,74
-4,30183,30233,-51
-21,-11717,-11504,-213
0,-18614,-18376,-238
24,40624,40712,-88
10,17727,17660,67
-19,-72585,-72529,-56
-20,-43503,-43487,-16
-17,31471,31597,-126
3,42058,42313,-256
17,14278,14605,-327
4,-17322,-17202,-120
-10,-53049,-52911,-138
-13,-22395,-22293,-103
-20,13523,13720,-197
-1,18185,18378,-193
26,34375,34443,-68
30,24047,23898,149
22,-29367,-29573,206
11,-28933,-29329,396
0,6080,5660,420
-16,8896,8784,112
0,23617,23367,251
4,37623,37470,153
-11,-1633,-1643,10
7,-25049,-25034,-15
6,17657,17666,-9
-7,-401,-401,0
-15,-42268,-42047,-221
-6,5102,5100,2
6,31733,31656,77
4,7931,7952,-21
-12,-34622,-34435,-187
4,-15867,-15875,8
23,40249,40043,206
4,16729,16589,140
-3,-44263,-44336,73
1,-8682,-8747,65
-18,19162,19181,-19
-3,-918,-878,-39
6,19346,19466,-120
20,32622,32444,177
26,-3789,-3957,168
7,-15384,-15648,264
-1,-26302,-26618,316
-19,-5291,-5459,168
-29,5241,5234,6
-5,18481,18538,-57
14,49845,49814,31
1,-4773,-4498,-275
10,-47874,-47758,-116
23,6995,6734,261
28,41450,40862,588
18,-3233,-3272,39
17,-4475,-4587,112
-1,6835,6789,46
-28,-9169,-9237,68
-16,-2413,-2439,25
-1,50521,50498,24
23,49249,49090,159
8,-20068,-19908,-160
-24,-68603,-68523,-80
-30,-53484,-53209,-275
-19,32523,32688,-165
6,53934,54209,-275
27,22807,23108,-301
6,-29988,-29839,-149
-17,-73086,-72945,-142
-32,-43335,-43067,-267
-34,16726,16771,-45
-21,22762,23017,-255
-14,7407,7534,-127
-16,-29482,-29403,-79
-22,-51138,-51091,-47
8,-6950,-7013,63
38,45782,45884,-102
35,18479,18569,-90
20,-50528,-50483,-45
16,-21721,-21918,196
12,35621,35505,116
9,37643,37601,42
4,15497,15509,-12
-3,8366,8356,10
-11,411,456,-44
-14,-1247,-1194,-53
-11,4450,4492,-42
14,25077,24984,93
31,33277,33167,110
26,-36,-93,57
25,-25886,-26021,136
4,-10217,-10438,220
7,14104,13824,281
0,26837,26812,25
-19,13259,13220,39
-2,-5073,-5106,33
15,42971,42738,232
18,31198,31010,188
26,-15713,-15684,-30
21,-3619,-3673,54
18,9661,9476,185
-16,-15873,-15758,-115
-40,-29552,-29535,-17
-16,14142,14088,54
1,73867,73834,33
-4,8508,8735,-227
15,-42718,-42537,-181
13,-4970,-5033,63
20,9520,9205,314
29,4442,4299,144
-4,-880,-992,113
-19,-37192,-37169,-23
-12,5235,5252,-17
5,66055,65819,235
-6,11308,11385,-78
-25,-51705,-51525,-180
-24,-42546,-42300,-246
-11,20283,20430,-146
-8,17510,17625,-115
0,-17697,-17594,-103
22,-4026,-3935,-90
37,25131,25119,12
18,-8508,-8588,80
-14,-56083,-56210,127
-3,-9830,-9957,126
14,73140,73041,100
31,67947,67741,206
36,6625,6649,-24
-1,-34817,-34912,95
-15,-44854,-44970,116
4,30588,30587,1
8,79047,78932,115
11,12842,12747,95
25,-7751,-7815,63
-4,-6543,-6586,42
-24,-41237,-41275,38
-10,-5164,-5066,-99
3,64774,64754,19
23,36421,36405,16
16,-14684,-14645,-39
2,-34776,-34953,177
-4,-25393,-25536,143
-9,16922,16799,123
-8,17736,17737,-2
-14,-553,-387,-166
-1,1904,2026,-122
5,9563,9684,-121
-11,-13076,-12900,-176
-2,-30883,-30750,-133
4,11588,11629,-41
12,26324,26196,128
8,-11017,-11055,38
-19,-31784,-31719,-66
-10,-20806,-20800,-6
-18,15799,16014,-215
-23,4666,5020,-353
8,-4374,-3987,-386
8,27829,28046,-217
-10,-32865,-32548,-317
-3,-52654,-52476,-178
4,22484,22448,35
10,29756,29660,96
1,-14145,-14114,-32
4,-12964,-13055,91
16,15400,15233,167
2,17377,17243,134
-2,-18181,-18299,117
-18,-20424,-20359,-65
-22,1415,1447,-32
-14,5447,5675,-228
-9,16304,16536,-232
1,-4483,-4256,-227
21,2106,2173,-67
34,17866,17791,75
25,-5288,-5313,25
22,-17967,-18134,167
8,2589,2460,129
8,26479,26253,226
-17,6195,6307,-112
-35,-15335,-15389,54
-16,2331,2234,96
-4,49108,48988,120
2,7468,7599,-131
16,-25989,-25926,-63
5,-16222,-16190,-32
-2,-25049,-25047,-2
-3,-12467,-12426,-41
-6,17758,17734,24
11,19822,19692,130
8,15256,15170,86
-1,-13114,-13185,71
-3,-26164,-26147,-16
-20,-4549,-4382,-167
-23,-9795,-9479,-316
-25,-7166,-6708,-458
10,31505,31604,-99
8,15809,16258,-449
0,-33230,-33041,-189
7,-43729,-43602,-127
-8,7266,7301,-35
-23,-18112,-17987,-125
-27,-24907,-24696,-211
-12,20859,20858,1
-12,12181,12403,-221
-21,-31179,-30957,-222
-2,-29100,-29059,-41
-6,3530,3567,-37
-2,-10645,-10660,15
-5,-28690,-28545,-145
10,9695,9641,54
20,16805,16783,22
24,16200,16102,97
24,-5246,-5325,78
23,7682,7452,230
23,19886,19773,113
-7,1110,1079,32
-4,-3550,-3698,148
5,35507,35407,100
2,44671,44535,136
-5,-17833,-17808,-25
-10,-20833,-20789,-44
-17,-6531,-6509,-22
-18,-4825,-4788,-37
-15,-2296,-2217,-79
11,16630,16693,-63
21,19459,19536,-77
-9,-33982,-33887,-95
-32,-79661,-79508,-153
-2,5820,5853,-33
-2,66263,66346,-83
-7,-3873,-3755,-117
6,-41222,-40993,-229
24,28976,28943,33
32,27662,27524,138
11,-20732,-20852,120
-13,-42900,-43127,227
-34,-23804,-23914,110
-28,22707,22657,51
7,56472,56455,17
20,45032,45092,-60
-1,-41073,-40933,-140
-10,-75247,-75153,-94
-4,-4467,-4412,-54
-16,25809,25924,-114
5,8178,8248,-69
13,16146,16186,-40
-2,-2889,-2920,31
-23,-61419,-61154,-266
-7,-8662,-8532,-129
-6,37267,37463,-196
1,13420,13594,-175
3,-21494,-21280,-214
15,5254,5146,108
23,11418,11136,282
17,4922,4626,296
4,-18495,-18693,198
2,-1880,-2112,232
16,37602,37341,261
25,48043,47901,142
5,-532,-522,-10
-16,-44058,-44067,9
-35,-27569,-27536,-33
-21,24929,24871,58
16,60271,60340,-68
10,27708,27843,-135
-16,-72322,-72081,-241
-11,-65283,-65082,-201
-5,29817,29996,-179
-3,31006,31073,-67
2,-13280,-13208,-72
5,-6723,-6709,-14
22,12887,12713,174
5,-175,-310,136
-17,-36618,-36659,40
-26,-36670,-36506,-164
-21,24467,24577,-110
2,40474,40671,-197
-4,5005,5342,-337
7,-27814,-27684,-130
13,-14976,-14925,-51
26,24421,24180,241
-1,-16347,-16372,26
-30,-49531,-49483,-48
-13,-11021,-11051,30
-4,63967,63932,35
-17,9699,9966,-267
-27,-63002,-62573,-429
-18,-23598,-23517,-81
-15,11222,11271,-48
-12,-9008,-8998,-10
4,-16587,-16538,-49
4,-2634,-2596,-38
12,-9894,-9938,44
-10,-29904,-29859,-45
-20,-29053,-29068,15
8,13695,13755,-60
30,71649,71566,82
10,2945,2862,83
14,-50454,-50600,147
20,9980,9746,234
1,31915,31676,239
-30,-38084,-38107,23
-39,-31990,-31988,-2
-25,28762,28724,38
10,57930,57996,-66
20,20127,20271,-143
-8,-59688,-59579,-109
-24,-87773,-87582,-191
-19,-8515,-8289,-226
16,69307,69354,-47
29,48454,48487,-33
5,-32789,-32846,57
-6,-70504,-70568,64
-11,-5653,-5725,72
14,56994,56822,172
13,37623,37570,52
16,-1335,-1520,185
-12,-43111,-43168,58
-35,-36517,-36521,4
-39,-19654,-19356,-298
-20,38975,39052,-77
-7,27449,27860,-411
-14,-29784,-29715,-69
-14,-58389,-58342,-46
0,-14517,-14561,44
4,14046,14049,-3
7,-8578,-8494,-84
3,-21474,-21372,-102
-17,-23572,-23515,-57
-7,-10505,-10542,37
14,38100,38011,89
9,31484,31447,37
-10,-44574,-44451,-124
-3,-32243,-32230,-13
14,39679,39566,113
20,42462,42338,124
16,-8752,-8885,134
-10,-36858,-37055,197
-16,-20842,-21072,229
-17,14148,14157,-9
-7,34327,34392,-65
7,14337,14539,-202
5,-2880,-2730,-150
-3,-31313,-31197,-116
8,-12538,-12552,14
-6,8804,8751,53
-21,-19528,-19408,-119
-23,-28097,-27742,-356
-27,6415,6659,-244
-20,-957,-688,-270
-5,-2983,-2750,-233
-7,-8557,-8446,-111
-10,-36796,-36676,-120
-20,-41908,-41865,-43
2,1904,1808,95
29,42700,42727,-27
13,11785,11889,-104
1,-58619,-58422,-197
3,-21858,-21845,-14
5,43317,43067,250
-8,10528,10461,67
-21,-27155,-27059,-96
-26,-17681,-17498,-183
9,35652,35733,-80
2,29782,29931,-149
-8,-37403,-37258,-145
3,-45357,-45154,-202
12,33420,33349,71
-9,-764,-791,27
-13,-40635,-40558,-77
-23,-15312,-15094,-218
-15,16506,16660,-154
-9,4691,4999,-309
4,7528,7694,-167
8,-10685,-10549,-136
-8,-26813,-26726,-86
-11,-35521,-35473,-48
15,20509,20465,43
27,55729,55635,94
19,1633,1481,153
2,-45133,-45307,173
1,-8673,-8919,246
14,43990,43822,168
15,43886,43829,56
13,2456,2424,31
0,-17517,-17521,4
-27,-22485,-22512,28
-22,-10486,-10500,14
-15,29123,29181,-58
-20,14018,14121,-102
-16,-35189,-35013,-176
-19,-26751,-26694,-57
-24,-22402,-22368,-34
-17,-24517,-24481,-37
-22,-15063,-15024,-39
-18,-20769,-20748,-21
-10,-19294,-19254,-40
-5,-4253,-4246,-7
-7,-22218,-22178,-40
-9,-27385,-27341,-44
12,2907,2895,12
21,27326,27305,21
-9,-22382,-22353,-29
-3,-46302,-46304,2
-16,3998,4005,-7
8,41209,41094,115
11,16307,16376,-69
0,-3432,-3452,20
-21,-57524,-57373,-151
-16,-12946,-12886,-60
13,45877,45921,-44
25,51695,51705,-10
17,-16498,-16540,42
-19,-68013,-68046,33
-19,-32039,-32177,138
4,48898,48729,169
13,66570,66466,104
6,-15269,-15229,-40
3,-39155,-39226,72
7,1150,892,258
-6,9737,9560,178
-9,-9324,-9285,-39
13,16979,16921,58
12,37295,37081,214
-10,-24332,-24380,48
-1,-35019,-35041,22
24,44920,44531,389
3,32145,31791,354
-29,-65155,-65201,46
-38,-56597,-56243,-354
-3,53250,53587,-337
19,73500,74231,-731
16,-5215,-4790,-425
7,-65412,-65230,-183
9,-19345,-19436,91
16,30531,30218,313
9,23216,23069,148
5,-4178,-4201,23
5,2973,2977,-5
16,30976,30724,252
-8,2736,2812,-76
-25,-36925,-36609,-316
-29,-24447,-24068,-380
1,48250,48190,61
12,41217,41380,-163
10,-14105,-14029,-76
21,-36784,-36808,24
17,6666,6521,145
3,-418,-563,145
11,-2302,-2423,121
-7,17689,17633,56
2,12135,12001,133
10,16612,16570,42
13,31377,31229,148
13,-6101,-6176,75
9,-3768,-3859,90
19,14344,14144,199
18,25090,24933,157
23,21855,21689,166
21,9952,9932,21
-14,-11334,-11313,-21
-5,-12854,-12958,104
4,42858,42778,79
26,66422,66159,264
10,-7354,-7350,-4
7,-27480,-27594,113
-2,-15764,-15798,34
11,36330,36162,167
4,20014,19952,62
4,3935,3848,87
9,-2726,-2775,48
22,31747,31599,148
14,13277,13135,142
-18,-33697,-33790,92
-10,-25273,-25295,22
1,44042,44055,-13
7,45641,45595,46
-2,-23972,-23875,-97
7,-16411,-16432,22
13,13509,13402,107
13,17839,17624,215
2,-14672,-14829,157
-16,-21902,-22022,120
0,7202,7128,75
1,36695,36709,-13
-15,-3619,-3484,-135
-18,-46323,-45987,-336
4,15273,15484,-210
1,29784,29977,-193
-1,-20596,-20414,-182
9,-22147,-22061,-86
9,17562,17425,137
5,-1418,-1593,176
15,560,311,248
-1,8101,7848,254
-2,-7799,-8006,207
2,2490,2407,83
22,45788,45520,268
27,28405,28111,294
31,7265,6882,383
-2,-29399,-29660,261
-7,-18295,-18667,371
13,38647,38518,129
25,80519,80411,107
0,-6799,-6750,-49
-33,-72089,-72112,23
-29,-26328,-26356,27
-25,42412,42431,-19
-16,25029,25095,-66
14,-1367,-1212,-155
5,-7514,-7526,12
14,-31551,-31570,19
2,-29703,-29614,-89
3,7525,7402,123
-6,-5816,-5813,-3
3,18421,18324,97
18,26427,26355,72
6,14374,14260,114
12,-18542,-18659,116
2,-4717,-4817,100
15,26110,25864,245
0,5354,5275,79
-4,-3009,-3096,86
8,3057,3007,50
16,43588,43421,166
0,-2593,-2684,91
11,-17968,-18102,134
18,23573,23335,238
2,19731,19503,228
-16,-38227,-38286,59
4,5372,5262,110
26,67372,67208,165
-2,11266,11208,59
-2,-55155,-55235,80
0,-4294,-4404,110
-6,36115,36003,113
2,-1532,-1499,-34
10,13140,13131,9
17,19315,19162,154
18,141,-115,256
7,-9048,-9347,299
0,-10388,-10665,276
6,15731,15532,198
2,28415,28299,116
-1,4008,3948,60
-22,-25403,-25310,-93
-24,-18781,-18659,-122
-9,12839,13040,-201
8,39103,39288,-185
16,3059,3211,-151
19,-20572,-20578,6
21,-9765,-9907,142
26,13918,13684,234
23,20889,20765,124
-10,-11425,-11418,-7
-13,-17620,-17822,202
-12,25240,25111,129
9,57556,57351,205
0,5866,5897,-30
12,-12683,-12728,44
12,-8379,-8438,59
18,20500,20309,191
23,8059,7911,148
-5,-4482,-4534,53
-5,-20621,-20673,52
-3,17856,17765,91
-20,24519,24552,-33
-4,-11005,-10904,-101
10,21737,21730,7
20,29704,29583,121
25,-10748,-10814,66
28,-280,-584,304
11,-2832,-3036,204
-26,-30569,-30742,174
-42,-32174,-32243,70
-31,25790,25602,188
-8,58098,58156,-58
1,11981,12129,-148
19,-24299,-24345,46
3,-36281,-36141,-140
-23,-51806,-51502,-304
-14,-29745,-29464,-280
0,48339,48329,9
-4,26149,26240,-92
6,-23994,-23858,-136
-7,-21520,-21389,-131
0,-6331,-6317,-14
7,3625,3639,-14
4,18142,18040,102
16,-2391,-2551,160
26,19755,19405,350
26,21625,21240,385
5,-16989,-17194,206
-13,-25505,-25747,242
-10,8929,8768,161
2,49227,49110,118
25,47775,47647,128
33,18797,18733,64
25,-11461,-11515,54
-5,-40369,-40445,75
-11,-15551,-15664,113
-19,23458,23423,36
3,48872,48797,75
-3,17218,17268,-50
6,-6408,-6387,-21
17,-10782,-10791,9
13,14666,14474,192
-18,-37321,-37353,32
-41,-53094,-52914,-180
-10,18872,18960,-88
-1,66899,67103,-204
6,6712,7002,-290
-11,-63931,-63567,-364
-29,-50180,-50107,-73
-31,-28041,-27905,-136
7,43057,43147,-90
3,33600,33573,27
-6,-42326,-42295,-32
3,-52269,-52124,-145
4,20476,20481,-5
1,5562,5528,33
-5,-18947,-18947,0
3,2921,2917,3
9,20343,20331,12
-1,1748,1694,54
-26,-42316,-42305,-12
0,-5154,-5060,-94
5,46058,46200,-142
9,18929,19020,-90
6,-36760,-36728,-32
5,-5690,-5831,141
18,14724,14499,226
-6,4556,4362,194
-25,-35806,-35831,26
3,1906,1977,-71
32,84695,84535,161
19,24515,24388,127
11,-57295,-57571,276
20,-9138,-9611,474
15,46004,45620,385
18,21868,21882,-13
-8,-9470,-9529,59
-3,-156,-289,133
6,27630,27551,79
-10,25638,25518,120
-17,-35415,-35354,-61
-12,-11471,-11409,-62
1,29704,29729,-25
21,24087,24147,-60
21,3141,3149,-8
17,-20127,-20247,120
6,-21051,-21177,126
-8,-1416,-1552,136
-21,-1516,-1517,1
-4,21367,21339,28
10,41523,41444,78
12,15350,15282,69
0,-36882,-36809,-72
10,-14174,-14274,99
-3,10239,10107,132
-6,892,812,79
-11,-12877,-12744,-133
15,33299,33198,101
31,40787,40505,282
30,15572,15226,346
21,-28430,-28630,200
7,-12445,-12908,463
5,16998,16783,216
-14,18876,18736,140
-28,-6051,-6232,181
-6,9085,8947,138
27,66622,66401,221
18,21444,21449,-5
-19,-80755,-80681,-74
-21,-63757,-63660,-97
-14,35403,35433,-31
14,65259,65285,-25
33,28428,28493,-65
15,-16416,-16501,84
-5,-63026,-63076,50
-1,-13092,-13283,192
4,51943,51749,193
-7,21843,21814,29
12,-3794,-3850,56
19,24369,24208,161
28,27481,27136,346
-6,-33539,-33649,110
-39,-57026,-57098,71
-42,-26115,-25982,-134
-10,66299,66241,58
20,69255,69644,-389
11,-13875,-13826,-49
1,-76930,-76633,-297
-25,-58208,-57867,-341
-16,3240,3462,-222
5,44020,44083,-63
16,44812,44824,-12
-7,-38847,-38700,-147
-6,-50516,-50438,-77
-13,-4982,-4884,-98
-18,13626,13814,-187
-9,-6894,-6609,-285
-5,8485,8708,-222
-6,-9227,-9005,-221
5,-15057,-14918,-138
13,7774,7760,14
11,2912,2842,69
9,-13739,-13851,113
6,-2177,-2372,195
4,9480,9277,203
-14,-5668,-5710,42
-9,-4658,-4643,-15
-10,10820,10910,-90
10,27624,27642,-17
9,4665,4776,-112
-1,-18510,-18441,-69
-25,-51119,-50876,-243
-14,-6594,-6507,-87
10,45412,45489,-77
-2,24859,25115,-256
0,-41827,-41556,-271
-2,-25557,-25446,-111
13,27074,26893,182
28,28232,27932,300
31,22863,22430,433
25,-8304,-8573,268
25,2960,2735,226
20,26369,26271,97
-10,6713,6468,244
-37,-30873,-31188,314
-13,17080,16889,190
27,95617,95324,293
25,45122,44989,133
3,-69861,-69977,116
10,-48412,-48451,38
7,36323,36227,96
-13,16266,16190,76
4,-7431,-7464,33
17,41728,41732,-4
1,17217,17181,35
-8,-45609,-45606,-3
-8,-11057,-11098,41
7,37461,37443,18
9,22904,22913,-9
-10,-22126,-22113,-14
-9,-35581,-35527,-54
4,18643,18680,-37
26,51263,51194,69
38,25938,25702,236
20,-14528,-14834,306
-7,-47247,-47641,394
-5,-6034,-6390,356
12,66512,66293,219
2,44000,43939,62
-22,-41022,-40978,-44
-22,-40737,-40689,-48
12,45798,45746,52
21,58982,58901,81
5,-26333,-26354,21
-23,-80918,-80879,-39
-9,-10400,-10405,4
4,55763,55761,2
19,44918,44915,3
12,-18961,-18996,35
-16,-45929,-46004,75
-1,-20525,-20569,45
16,53969,53859,110
23,50934,50781,152
-2,-36044,-36186,141
-6,-38894,-39052,158
-3,11884,11722,162
-16,27572,27588,-15
-16,-16054,-15828,-226
3,6226,6410,-184
13,32687,32741,-54
4,-12207,-12144,-63
1,-37434,-37432,-1
5,-1721,-1869,148
-5,12772,12678,94
10,8270,8163,107
17,23779,23538,240
28,28066,27690,376
22,-3401,-3672,271
-3,-18834,-19097,263
-1,-12265,-12454,189
-10,25971,25823,148
9,41585,41501,84
2,10175,10164,11
4,-2077,-2077,0
9,-11809,-11822,12
-9,2175,2123,52
-24,-31991,-31911,-80
3,8312,8298,14
5,47265,47281,-16
15,8982,9041,-58
5,-33527,-33477,-50
-12,-23080,-23150,70
5,-3673,-3782,108
14,47950,47716,234
8,18226,18062,164
14,-21033,-21224,190
21,15713,15324,390
13,19435,19099,336
-18,-28392,-28540,148
-30,-33395,-33440,44
-33,6598,6675,-77
-25,28441,28571,-130
-9,6934,7162,-228
-9,-14488,-14379,-109
-8,-38545,-38443,-102
-19,-43755,-43690,-65
6,-909,-979,69
18,29554,29545,9
30,21135,21187,-53
2,-42157,-41987,-169
-27,-53831,-53854,22
-28,-20192,-20139,-52
-12,54870,54841,29
10,50785,50897,-112
14,-244,-107,-136
-8,-52039,-51879,-161
-8,-45584,-45468,-116
17,31300,31214,86
6,42408,42222,186
-13,-37542,-37568,26
5,-25038,-25035,-3
18,54546,54357,189
1,15586,15441,145
-16,-54811,-54830,19
3,-4121,-4168,47
4,48474,48488,-13
-5,2254,2326,-72
-27,-56127,-55761,-365
-7,-5368,-5087,-281
16,50106,50381,-275
0,15552,15757,-205
-12,-64726,-64531,-194
-9,-28381,-28259,-122
-19,16384,16685,-301
0,9511,9821,-311
15,20005,20250,-245
-7,-6046,-5892,-155
2,-44880,-44815,-65
25,22670,22410,260
1,31041,30728,312
7,-30920,-31187,267
-9,-15207,-15316,110
-9,19318,19170,147
11,14671,14646,25
9,35548,35460,88
-8,-26381,-26354,-28
-13,-41376,-41282,-95
-13,5957,6125,-168
0,26681,26893,-212
14,20788,20969,-182
26,12888,12760,128
-7,-34021,-34097,76
-23,-56260,-56365,104
-3,7862,7726,136
26,88192,87855,337
14,23207,23158,49
17,-41167,-41595,428
19,-9553,-10168,615
21,37844,37213,631
-7,-7625,-7743,117
-22,-26418,-26692,274
-27,-2986,-3188,201
-12,40210,40059,151
14,37580,37556,24
11,5599,5627,-28
1,-46339,-46280,-60
-6,-42492,-42397,-95
-17,-1032,-989,-43
-14,6171,6292,-122
1,18861,19022,-162
-1,12613,12744,-131
-12,-31175,-30950,-225
-12,-34919,-34663,-256
-7,5750,5891,-141
11,23687,23752,-65
0,-1862,-1782,-79
-3,-29044,-28983,-61
-13,-28635,-28478,-156
-4,12060,12114,-54
-15,1383,1594,-211
-1,85,281,-196
-9,-9668,-9397,-271
-6,-6748,-6608,-139
16,260,410,-150
21,31766,31585,181
11,-11768,-11939,171
3,-32698,-32836,138
0,3377,3122,255
-15,9234,9118,116
8,18318,18243,75
3,26481,26444,37
-21,-19448,-19356,-93
-11,-45716,-45369,-346
-10,21278,21469,-190
12,33763,33827,-64
16,776,909,-133
23,-217,-439,222
8,-23728,-23896,168
-12,-22241,-22473,232
6,8081,7778,303
-5,40608,40452,156
9,17534,17407,127
-1,-14064,-14018,-46
-2,382,361,22
-8,-18502,-18401,-101
13,25978,25831,147
3,14492,14391,101
6,-7676,-7750,74
7,-12999,-13177,178
0,14029,13795,234
-15,-18619,-18541,-78
-25,-19858,-19562,-296
-10,11257,11489,-232
24,51098,51191,-94
22,25848,25981,-133
18,-36284,-36324,40
-9,-52306,-52489,183
-32,-23196,-23293,97
-10,17104,17046,58
0,62509,62498,10
22,31274,31324,-50
13,-25621,-25554,-67
-11,-44973,-44899,-74
-34,-57545,-57086,-459
-21,11520,11672,-152
5,60178,60561,-383
22,42117,42597,-481
17,-27317,-27049,-268
-9,-60628,-60370,-258
-10,-30890,-30805,-85
-11,22297,22324,-26
2,38205,38209,-4
18,19320,19171,149
25,14931,14468,463
21,-10872,-11287,415
20,-8420,-8982,562
-11,-11208,-11579,370
-7,-2510,-2844,334
5,37449,36999,450
18,59455,59023,432
17,782,773,8
1,-26070,-25930,-141
-14,-30624,-30524,-100
-2,12553,12440,113
-12,28119,28076,44
8,13837,13835,2
7,1012,1014,-2
20,13923,13732,192
-7,-29959,-29958,-1
-5,-19144,-19177,33
17,23115,22811,304
26,66385,65923,462
-4,-23029,-23210,182
-4,-47885,-48056,171
-20,-206,-321,115
-28,16463,16677,-214
-3,6451,6689,-238
29,56230,56250,-21
40,28718,28750,-32
28,-35065,-35136,71
19,-34441,-34788,347
-14,-12372,-12482,110
-1,21766,21473,293
22,68651,68364,287
0,42499,42387,113
-4,-48346,-48252,-94
-2,-14912,-14797,-115
20,54869,54806,63
-4,5954,5932,22
-23,-47999,-47926,-73
-20,-31969,-31818,-150
-10,41540,41615,-75
-6,18174,18237,-63
16,-2604,-2610,6
18,887,887,0
-6,-29167,-29191,24
-31,-65038,-65003,-35
-28,-10788,-10754,-35
-4,50752,50892,-139
-9,25901,26215,-314
-21,-50791,-50487,-304
-32,-65229,-65189,-40
1,11865,11797,68
-3,28277,28270,7
-16,-33440,-33348,-92
-32,-79259,-79043,-216
-21,-7566,-7579,13
-8,24491,24604,-113
17,24991,25082,-92
6,-20409,-20350,-58
-13,-56385,-56378,-7
-22,-48921,-48857,-65
0,31401,31463,-62
-9,30098,30201,-103
0,-11900,-11800,-100
-5,-28838,-28700,-138
2,4108,4129,-22
7,-703,-680,-23
18,18372,18246,126
15,1945,1773,172
-8,-21849,-22007,158
-1,-16216,-16340,124
-6,21958,21908,50
1,27157,27126,30
15,8596,8584,12
13,15696,15557,139
3,-19850,-20005,155
-11,-27448,-27558,109
-20,-7606,-7596,-9
3,26714,26758,-44
-3,29046,29239,-193
5,-6407,-6210,-197
23,-7514,-7550,36
-5,2113,1933,179
-19,-49120,-49082,-38
-5,-6411,-6422,11
9,63897,63805,92
15,22311,22327,-17
-4,-36351,-36309,-43
-23,-48559,-48453,-105
-9,-2250,-2104,-147
20,63328,63366,-37
15,32467,32516,-49
17,-31234,-31501,267
24,-12170,-12869,699
-2,9183,8552,631
-19,-27516,-27710,194
0,12082,11784,298
23,77730,77374,356
20,29719,29667,52
9,-38564,-38570,6
-3,-31503,-31599,96
9,21810,21580,230
26,54694,54509,185
2,15162,15055,108
-1,-36258,-36338,80
17,14316,14242,75
16,58648,58459,189
22,9628,9508,120
-8,-27881,-27919,38
-36,-39872,-39935,63
-45,-27224,-27049,-175
-34,33068,33003,66
11,53151,53501,-349
24,26076,25991,86
15,-45141,-44813,-328
-5,-82582,-82509,-73
-30,-37301,-36977,-324
-15,12701,12783,-82
12,62034,62121,-88
18,41404,41417,-13
-11,-55522,-55424,-99
-21,-69254,-69194,-60
0,15366,15427,-60
-4,50646,50788,-143
-19,-25335,-25116,-219
-32,-60418,-60161,-257
-25,-9139,-9031,-108
-12,18162,18280,-118
-13,-2773,-2703,-70
16,-13456,-13434,-23
35,16845,16935,-91
31,7923,7822,101
11,-45291,-45318,27
-18,-37419,-37486,67
-6,16144,16032,111
-11,48998,49056,-58
7,34832,34731,101
2,-8848,-8757,-92
-19,-27735,-27662,-73
-26,-50473,-50290,-182
-19,5279,5427,-148
0,34052,34176,-125
24,25271,25369,-98
14,-12289,-12223,-66
2,-48150,-48188,38
-9,-33346,-33338,-8
-15,10974,10895,80
-25,3426,3591,-165
-17,2340,2529,-189
-5,11342,11579,-237
17,19979,20089,-110
7,-14967,-14742,-225
11,-29832,-29841,9
23,1050,944,106
16,31981,31721,260
4,-10387,-10454,66
-24,-31775,-31777,2
-17,1107,973,134
6,48465,48394,72
0,37764,37732,32
-8,-41994,-41840,-153
-9,-38819,-38657,-162
-10,5005,5108,-103
-2,8597,8680,-83
16,17162,17176,-14
-2,-3027,-2983,-44
-7,-38553,-38537,-16
