145,0,0,0,0
168,80,0,0,0
174,30,-169,0,0
292,37,-225,-191,0
450,-132,-236,-112,272
423,-32,-344,-119,322
480,-18,-400,-60,325
805,136,-362,-209,483
729,-39,-445,-230,562
860,-109,-607,-307,542
936,-59,-634,-369,512
685,-371,-839,-261,763
694,-360,-825,-252,757
909,-188,-608,18,935
978,-102,-540,104,1043
960,-148,-597,58,985
991,-173,-661,-21,922
981,-163,-670,-43,895
1147,-110,-732,3,1016
1158,68,-675,-63,1066
1280,59,-804,-105,1112
1274,54,-804,-101,1113
1128,-183,-998,-88,1315
1076,-242,-1094,-167,1320
1046,-190,-1035,-70,1399
1095,-167,-1076,-117,1323
1143,-90,-1040,-181,1250
1126,-118,-1084,-202,1285
1123,-122,-1090,-211,1281
1105,-108,-1071,-179,1332
1096,-97,-1080,-192,1311
1097,-97,-1082,-192,1312
1099,-80,-1070,-210,1325
1089,-80,-1066,-208,1320
1102,-42,-1069,-226,1308
1101,-40,-1062,-227,1304
1102,-40,-1063,-229,1304
1109,-30,-1063,-232,1295
1110,-29,-1061,-232,1294
1107,-25,-1056,-225,1294
1106,-23,-1062,-232,1284
1074,-25,-1054,-251,1261
1069,72,-1048,-278,1318
1062,71,-1040,-278,1315
1045,120,-1037,-346,1310
1064,124,-1050,-347,1327
1048,113,-1053,-340,1327
985,54,-1093,-349,1353
978,175,-980,-272,1370
1003,179,-1061,-347,1319
965,158,-1065,-284,1378
929,119,-1087,-288,1443
920,137,-1068,-278,1444
925,151,-1102,-315,1424
903,154,-1094,-336,1402
961,202,-1102,-356,1446
967,207,-1098,-357,1443
966,204,-1101,-359,1443
966,204,-1101,-359,1443
954,208,-1096,-342,1459
943,199,-1093,-339,1471
945,226,-1072,-348,1461
952,224,-1084,-358,1464
958,230,-1086,-369,1455
955,233,-1083,-370,1449
953,232,-1082,-370,1448
954,233,-1082,-371,1447
950,224,-1092,-376,1452
939,227,-1082,-365,1456
941,238,-1087,-378,1442
941,237,-1090,-377,1444
948,237,-1093,-391,1448
948,234,-1094,-390,1452
946,233,-1092,-390,1451
946,233,-1092,-391,1450
945,234,-1092,-391,1448
944,234,-1093,-392,1447
943,233,-1093,-398,1444
946,233,-1093,-400,1451
945,232,-1094,-401,1451
942,234,-1092,-401,1451
935,231,-1091,-399,1451
936,239,-1089,-402,1448
934,239,-1086,-401,1447
935,241,-1087,-408,1444
917,237,-1095,-406,1461
917,237,-1095,-406,1460
907,247,-1080,-403,1466
912,248,-1083,-407,1465
908,245,-1084,-406,1466
910,253,-1078,-404,1463
910,252,-1079,-405,1462
910,252,-1080,-409,1459
906,250,-1083,-401,1487
900,248,-1084,-403,1490
901,252,-1083,-403,1490
896,253,-1078,-402,1490
905,260,-1082,-412,1487
906,262,-1081,-413,1484
906,261,-1083,-415,1484
904,260,-1083,-414,1485
903,265,-1081,-417,1480
900,264,-1080,-417,1479
902,276,-1080,-428,1474
903,275,-1082,-429,1475
904,281,-1084,-437,1474
902,279,-1093,-436,1482
904,277,-1094,-441,1482
879,267,-1090,-437,1502
895,283,-1084,-441,1498
895,283,-1084,-441,1497
896,285,-1081,-438,1498
897,286,-1079,-435,1501
897,285,-1080,-436,1500
895,284,-1077,-434,1505
894,284,-1077,-436,1503
893,284,-1078,-437,1503
893,283,-1078,-438,1502
893,282,-1078,-439,1502
887,280,-1076,-440,1502
887,282,-1076,-441,1502
886,282,-1075,-441,1501
886,282,-1076,-444,1500
885,281,-1077,-444,1503
885,281,-1077,-444,1502
885,281,-1077,-444,1502
884,281,-1077,-444,1502
884,281,-1078,-445,1501
884,282,-1078,-446,1500
884,284,-1075,-445,1498
884,284,-1072,-441,1499
883,284,-1072,-440,1500
878,281,-1071,-440,1504
882,285,-1069,-442,1502
881,279,-1075,-446,1503
879,279,-1074,-445,1504
880,280,-1075,-447,1502
880,278,-1078,-447,1504
881,278,-1080,-449,1504
886,282,-1080,-452,1501
886,283,-1079,-452,1500
878,284,-1068,-443,1502
882,287,-1069,-448,1498
873,273,-1079,-446,1511
871,276,-1073,-442,1509
886,280,-1083,-459,1498
882,267,-1087,-451,1511
875,271,-1071,-447,1500
880,274,-1074,-456,1497
877,271,-1076,-455,1500
878,275,-1072,-452,1497
875,275,-1070,-450,1498
876,275,-1071,-452,1496
876,271,-1074,-452,1498
875,270,-1073,-452,1497
874,269,-1074,-451,1497
877,266,-1077,-452,1504
881,268,-1079,-454,1503
880,272,-1077,-456,1501
879,271,-1077,-456,1500
887,277,-1077,-462,1497
886,277,-1077,-462,1496
872,276,-1057,-446,1497
877,280,-1057,-454,1491
872,260,-1074,-455,1516
870,260,-1073,-454,1516
875,268,-1076,-466,1506
874,268,-1075,-467,1504
873,267,-1072,-462,1502
877,266,-1074,-458,1509
882,269,-1075,-459,1512
882,273,-1073,-460,1511
880,273,-1070,-458,1510
879,272,-1070,-458,1510
879,272,-1070,-459,1508
879,272,-1070,-459,1507
881,272,-1069,-458,1508
881,273,-1069,-458,1508
880,273,-1069,-458,1508
880,271,-1069,-457,1508
884,271,-1071,-457,1510
887,274,-1071,-459,1510
886,277,-1068,-459,1508
884,276,-1065,-455,1508
883,275,-1066,-453,1510
884,274,-1067,-454,1511
884,274,-1068,-455,1510
883,274,-1068,-456,1509
884,274,-1069,-457,1509
884,274,-1069,-458,1508
883,274,-1067,-458,1507
882,273,-1067,-457,1507
884,274,-1067,-458,1504
885,277,-1065,-457,1503
883,277,-1063,-456,1503
880,273,-1062,-452,1506
879,272,-1063,-452,1506
879,271,-1065,-454,1506
878,270,-1065,-454,1506
878,269,-1066,-454,1507
878,269,-1067,-455,1507
879,269,-1067,-457,1506
880,270,-1067,-457,1504
881,271,-1066,-457,1504
881,272,-1065,-456,1504
881,272,-1064,-455,1505
881,271,-1065,-456,1504
881,271,-1066,-457,1503
881,271,-1066,-458,1502
883,272,-1065,-456,1501
888,276,-1063,-455,1504
889,276,-1063,-455,1504
890,277,-1062,-455,1504
889,278,-1061,-454,1505
888,277,-1059,-452,1506
887,276,-1060,-450,1508
887,275,-1061,-451,1510
887,275,-1062,-452,1509
887,275,-1062,-453,1508
886,274,-1063,-454,1508
886,274,-1063,-454,1508
886,274,-1062,-454,1508
887,274,-1062,-453,1509
887,274,-1062,-453,1510
887,274,-1062,-453,1510
887,274,-1062,-453,1510
888,275,-1062,-453,1510
887,274,-1063,-454,1509
887,274,-1062,-454,1509
886,274,-1062,-454,1509
885,273,-1062,-454,1509
885,272,-1063,-454,1509
885,272,-1064,-455,1509
884,271,-1065,-455,1509
884,271,-1065,-455,1508
884,271,-1065,-455,1508
883,271,-1065,-455,1508
882,270,-1065,-455,1508
883,269,-1066,-455,1508
885,270,-1067,-457,1509
884,270,-1067,-458,1508
884,270,-1068,-459,1508
884,270,-1068,-460,1507
883,271,-1066,-460,1505
883,270,-1064,-457,1505
886,270,-1065,-454,1510
887,271,-1065,-455,1511
886,271,-1065,-455,1510
886,271,-1066,-456,1509
886,272,-1066,-457,1508
887,273,-1064,-457,1506
889,274,-1062,-454,1506
890,275,-1061,-452,1508
889,275,-1061,-452,1508
888,274,-1061,-452,1508
888,273,-1062,-452,1508
888,273,-1063,-453,1508
888,273,-1063,-454,1507
887,273,-1063,-454,1506
886,272,-1063,-454,1506
885,271,-1064,-454,1506
884,270,-1065,-455,1506
884,269,-1066,-456,1505
884,270,-1067,-457,1504
884,270,-1067,-458,1503
885,271,-1066,-457,1502
884,272,-1065,-455,1504
883,271,-1065,-455,1504
884,271,-1065,-456,1503
884,271,-1065,-456,1502
885,272,-1063,-455,1502
885,273,-1062,-453,1503
883,273,-1062,-453,1505
882,272,-1062,-453,1505
882,271,-1063,-453,1505
881,271,-1064,-454,1505
881,271,-1065,-454,1506
881,271,-1065,-455,1506
881,271,-1065,-455,1505
881,271,-1065,-455,1505
880,271,-1065,-455,1505
880,270,-1065,-455,1505
884,272,-1067,-455,1506
884,273,-1067,-456,1506
884,272,-1068,-457,1506
883,271,-1068,-457,1506
883,271,-1068,-458,1505
882,271,-1067,-457,1504
882,269,-1066,-455,1506
881,269,-1067,-455,1507
882,269,-1068,-455,1506
887,272,-1068,-457,1507
886,274,-1067,-457,1506
885,273,-1065,-456,1506
885,272,-1066,-453,1508
888,272,-1067,-454,1511
889,273,-1067,-455,1510
889,274,-1065,-455,1509
889,274,-1064,-454,1509
889,274,-1064,-453,1510
889,274,-1064,-453,1510
889,274,-1064,-453,1510
889,274,-1064,-453,1510
888,274,-1064,-453,1510
888,273,-1064,-453,1510
888,273,-1065,-453,1510
889,273,-1065,-454,1510
888,274,-1065,-454,1509
887,273,-1064,-454,1509
887,272,-1065,-454,1509
887,272,-1066,-455,1509
887,272,-1066,-456,1508
886,272,-1066,-456,1507
886,271,-1066,-456,1507
886,271,-1067,-456,1507
885,271,-1067,-457,1507
884,270,-1067,-457,1506
884,270,-1067,-458,1505
883,270,-1067,-458,1504
882,269,-1067,-458,1504
881,268,-1068,-458,1504
882,267,-1071,-459,1505
882,267,-1072,-460,1504
882,266,-1073,-460,1504
882,266,-1074,-462,1504
883,267,-1072,-464,1501
887,269,-1068,-459,1498
893,274,-1065,-454,1504
894,275,-1064,-454,1505
894,276,-1063,-453,1505
892,276,-1062,-451,1506
892,275,-1062,-451,1506
892,275,-1063,-451,1506
891,274,-1064,-451,1505
891,273,-1065,-452,1505
889,272,-1064,-452,1505
888,271,-1065,-452,1505
887,270,-1066,-453,1505
888,271,-1065,-452,1505
890,272,-1063,-451,1507
890,272,-1063,-451,1507
889,272,-1062,-451,1508
889,272,-1063,-452,1507
890,271,-1064,-452,1507
890,272,-1065,-454,1507
890,272,-1065,-455,1506
889,272,-1065,-454,1505
887,270,-1065,-454,1507
887,270,-1065,-455,1506
886,270,-1065,-455,1505
885,269,-1065,-454,1506
886,268,-1066,-454,1507
887,269,-1067,-455,1507
888,270,-1066,-456,1506
888,271,-1065,-455,1505
885,271,-1064,-454,1506
885,271,-1065,-455,1505
885,271,-1065,-456,1504
886,272,-1064,-454,1503
886,274,-1062,-452,1506
886,274,-1062,-452,1506
886,274,-1062,-452,1506
885,274,-1062,-452,1507
885,273,-1062,-452,1507
887,273,-1063,-452,1507
889,274,-1063,-453,1507
889,274,-1063,-453,1506
889,274,-1062,-452,1506
889,274,-1061,-451,1507
889,274,-1061,-451,1508
889,274,-1061,-451,1508
889,274,-1061,-451,1508
889,273,-1062,-452,1507
888,272,-1062,-452,1507
888,272,-1062,-453,1506
888,271,-1063,-454,1506
887,270,-1063,-454,1506
888,271,-1063,-455,1505
887,272,-1063,-455,1504
886,271,-1062,-454,1504
884,269,-1063,-452,1506
884,269,-1063,-452,1505
887,272,-1060,-450,1505
887,272,-1059,-450,1505
887,272,-1059,-450,1505
886,272,-1059,-450,1505
885,271,-1059,-450,1505
885,272,-1059,-451,1504
884,271,-1060,-452,1504
884,270,-1061,-453,1503
883,269,-1061,-453,1503
883,267,-1062,-453,1503
883,268,-1065,-455,1504
883,268,-1065,-456,1503
882,267,-1066,-457,1503
881,267,-1065,-457,1503
883,267,-1066,-459,1502
883,267,-1066,-460,1501
883,267,-1065,-460,1500
882,267,-1065,-456,1501
881,266,-1065,-456,1505
881,265,-1066,-456,1505
880,265,-1067,-457,1505
882,265,-1069,-457,1505
881,267,-1069,-458,1505
883,267,-1072,-459,1505
885,270,-1072,-462,1504
888,273,-1068,-462,1500
886,277,-1063,-455,1500
880,275,-1060,-452,1505
879,274,-1061,-452,1505
882,270,-1068,-454,1509
882,270,-1069,-456,1508
882,269,-1070,-456,1509
883,269,-1071,-458,1509
887,272,-1069,-461,1506
886,275,-1067,-460,1504
882,274,-1063,-457,1506
881,271,-1064,-455,1508
881,270,-1066,-456,1509
881,270,-1067,-457,1508
881,270,-1067,-458,1507
881,270,-1066,-458,1506
880,270,-1066,-458,1506
881,270,-1067,-459,1505
881,271,-1067,-460,1504
880,271,-1067,-460,1503
880,268,-1066,-457,1505
883,268,-1069,-456,1508
889,271,-1069,-459,1509
889,275,-1067,-459,1507
886,275,-1063,-456,1507
884,273,-1063,-455,1508
884,273,-1063,-456,1506
883,273,-1063,-456,1505
882,272,-1063,-456,1505
881,271,-1064,-456,1505
880,270,-1065,-457,1505
880,270,-1062,-453,1506
879,270,-1062,-451,1508
879,269,-1062,-451,1510
882,270,-1063,-451,1510
888,274,-1062,-452,1510
888,274,-1062,-452,1509
888,274,-1062,-452,1509
888,274,-1062,-452,1509
887,274,-1062,-452,1509
887,274,-1063,-453,1508
886,273,-1064,-453,1508
886,272,-1065,-454,1508
886,272,-1066,-455,1507
886,272,-1066,-456,1506
885,273,-1065,-455,1505
883,272,-1064,-454,1506
883,270,-1065,-453,1507
886,270,-1069,-455,1510
887,271,-1069,-457,1509
886,273,-1067,-457,1506
885,272,-1065,-455,1506
887,271,-1067,-452,1509
886,272,-1068,-453,1510
886,272,-1069,-453,1510
887,274,-1069,-455,1510
887,275,-1067,-455,1508
888,275,-1066,-453,1508
887,275,-1066,-452,1509
886,274,-1066,-452,1509
886,274,-1066,-453,1508
886,273,-1067,-454,1508
885,272,-1067,-454,1508
885,272,-1067,-455,1507
884,272,-1067,-455,1506
883,271,-1067,-455,1506
882,270,-1068,-455,1506
882,270,-1068,-455,1505
881,270,-1068,-455,1505
881,269,-1068,-455,1505
881,269,-1069,-455,1505
881,269,-1069,-456,1505
882,269,-1069,-456,1504
885,272,-1068,-456,1504
889,275,-1066,-455,1504
891,277,-1065,-454,1504
892,278,-1064,-453,1505
891,279,-1062,-451,1506
889,278,-1061,-449,1508
889,277,-1062,-448,1509
888,277,-1063,-449,1510
887,276,-1063,-450,1509
886,276,-1063,-451,1509
886,276,-1064,-452,1509
886,276,-1064,-453,1508
886,275,-1065,-454,1508
885,274,-1065,-454,1508
885,273,-1066,-454,1508
885,272,-1066,-454,1507
884,272,-1067,-454,1507
884,271,-1067,-455,1507
884,271,-1068,-455,1506
885,271,-1067,-456,1506
887,272,-1067,-455,1505
887,275,-1066,-455,1506
886,275,-1065,-455,1506
885,274,-1065,-454,1506
884,272,-1066,-454,1507
883,272,-1066,-454,1506
883,271,-1066,-453,1507
883,271,-1067,-453,1508
883,271,-1067,-454,1508
882,271,-1067,-454,1507
882,270,-1067,-454,1507
881,270,-1068,-454,1507
882,270,-1069,-454,1506
887,274,-1069,-456,1506
890,277,-1067,-456,1505
889,279,-1065,-455,1505
884,278,-1060,-451,1508
883,277,-1061,-451,1508
882,275,-1064,-452,1510
882,274,-1065,-453,1509
881,273,-1065,-453,1509
881,272,-1066,-453,1510
880,272,-1067,-454,1510
880,272,-1068,-454,1510
879,272,-1068,-455,1510
880,272,-1069,-456,1511
884,274,-1069,-457,1510
884,276,-1068,-457,1509
882,276,-1067,-456,1509
881,275,-1067,-455,1509
882,275,-1066,-456,1507
882,276,-1066,-455,1506
881,276,-1066,-455,1506
880,274,-1066,-454,1507
880,274,-1066,-455,1506
882,275,-1066,-454,1504
883,278,-1064,-454,1506
883,277,-1065,-455,1505
882,276,-1065,-455,1505
882,276,-1065,-456,1504
882,274,-1068,-457,1504
879,273,-1066,-455,1504
879,273,-1066,-456,1503
880,274,-1065,-456,1501
880,277,-1061,-453,1502
879,277,-1060,-451,1503
878,276,-1060,-451,1504
877,275,-1061,-451,1505
876,274,-1062,-452,1505
876,273,-1063,-453,1504
877,273,-1064,-454,1502
882,277,-1064,-455,1501
884,279,-1063,-455,1500
884,277,-1065,-456,1499
880,275,-1060,-451,1503
880,275,-1060,-452,1502
878,271,-1063,-454,1506
878,271,-1062,-453,1506
878,271,-1062,-451,1507
880,271,-1062,-450,1511
882,273,-1062,-450,1512
882,273,-1062,-450,1512
885,272,-1065,-452,1511
887,274,-1066,-455,1509
886,274,-1066,-456,1508
885,273,-1065,-454,1507
884,272,-1066,-453,1509
885,271,-1067,-454,1510
886,272,-1068,-455,1509
889,274,-1067,-456,1508
890,276,-1065,-455,1507
888,277,-1063,-453,1508
886,275,-1062,-452,1509
885,274,-1063,-452,1509
884,273,-1064,-453,1509
883,273,-1064,-453,1509
882,272,-1064,-453,1509
882,271,-1065,-453,1510
884,272,-1066,-455,1510
883,272,-1066,-456,1509
883,271,-1065,-456,1508
882,271,-1066,-455,1508
882,271,-1067,-455,1507
882,272,-1067,-456,1507
882,272,-1066,-456,1506
882,271,-1067,-457,1505
882,271,-1068,-458,1504
883,272,-1067,-459,1503
885,273,-1065,-458,1502
885,275,-1063,-455,1504
886,275,-1062,-454,1506
886,275,-1062,-454,1506
886,275,-1062,-454,1507
886,274,-1063,-455,1506
885,273,-1063,-455,1506
885,272,-1064,-455,1506
884,272,-1065,-456,1506
884,272,-1066,-456,1506
883,272,-1066,-457,1506
883,272,-1067,-458,1506
883,272,-1067,-459,1505
884,273,-1066,-458,1504
883,274,-1065,-457,1505
882,273,-1065,-457,1505
882,272,-1066,-456,1506
882,271,-1066,-456,1505
881,271,-1067,-456,1505
881,270,-1067,-457,1505
883,270,-1068,-456,1504
887,274,-1068,-458,1506
886,275,-1067,-458,1505
885,274,-1065,-456,1505
885,273,-1066,-453,1507
887,273,-1067,-454,1509
887,274,-1067,-455,1508
888,274,-1066,-455,1507
888,275,-1065,-454,1507
886,275,-1064,-453,1508
886,275,-1065,-454,1507
886,274,-1066,-454,1507
885,273,-1066,-454,1506
884,272,-1067,-454,1506
884,272,-1067,-454,1505
885,273,-1065,-453,1505
884,273,-1065,-453,1505
883,272,-1065,-453,1505
882,271,-1066,-453,1505
882,270,-1067,-454,1505
881,269,-1067,-454,1505
881,269,-1067,-455,1504
882,270,-1067,-454,1503
882,272,-1066,-454,1504
883,272,-1065,-454,1504
887,274,-1065,-452,1505
888,276,-1064,-452,1506
888,276,-1064,-452,1506
888,276,-1064,-452,1506
889,276,-1064,-451,1508
889,276,-1064,-451,1508
888,276,-1064,-451,1508
887,275,-1064,-451,1508
887,275,-1064,-452,1507
887,274,-1065,-453,1507
886,273,-1065,-453,1507
886,272,-1066,-453,1507
886,272,-1067,-454,1507
886,272,-1067,-455,1506
885,271,-1068,-456,1506
886,272,-1068,-455,1506
885,273,-1067,-455,1507
884,272,-1067,-455,1507
885,271,-1068,-455,1507
888,273,-1069,-457,1508
889,275,-1068,-458,1507
890,277,-1065,-456,1506
887,278,-1063,-453,1508
885,276,-1063,-452,1509
885,276,-1063,-453,1508
885,274,-1065,-455,1508
884,273,-1065,-455,1508
885,274,-1065,-457,1507
885,273,-1066,-458,1507
882,271,-1064,-455,1507
882,271,-1064,-456,1506
882,270,-1065,-457,1506
881,269,-1064,-456,1506
881,268,-1065,-455,1507
880,268,-1066,-456,1507
880,268,-1067,-455,1507
879,268,-1067,-456,1507
882,268,-1069,-457,1507
891,274,-1069,-460,1506
892,276,-1068,-460,1505
887,280,-1059,-454,1505
883,277,-1058,-451,1507
881,272,-1061,-449,1511
880,271,-1062,-450,1511
881,272,-1061,-448,1512
881,273,-1061,-448,1513
881,273,-1061,-448,1513
882,270,-1064,-451,1511
888,272,-1068,-455,1507
889,273,-1068,-456,1506
887,275,-1065,-455,1504
885,273,-1063,-451,1505
886,271,-1065,-448,1510
886,272,-1066,-450,1512
885,272,-1066,-451,1511
887,272,-1067,-453,1511
887,273,-1067,-454,1510
886,273,-1067,-454,1509
886,273,-1068,-455,1508
887,274,-1067,-456,1506
888,275,-1066,-454,1505
887,277,-1064,-452,1509
886,276,-1064,-452,1509
885,275,-1065,-452,1509
884,274,-1066,-453,1509
884,273,-1067,-454,1508
884,273,-1068,-455,1507
885,274,-1067,-456,1505
884,275,-1066,-455,1504
882,274,-1065,-454,1505
881,273,-1066,-454,1505
881,272,-1068,-455,1505
880,271,-1068,-455,1505
881,269,-1069,-454,1507
886,270,-1072,-456,1509
886,273,-1071,-458,1508
886,273,-1066,-457,1505
885,273,-1066,-453,1506
885,272,-1066,-453,1510
885,271,-1066,-454,1509
886,272,-1067,-454,1508
886,273,-1066,-455,1508
885,273,-1066,-455,1507
884,272,-1066,-455,1507
884,272,-1066,-456,1506
883,272,-1066,-456,1505
884,273,-1067,-457,1503
884,275,-1066,-458,1502
882,276,-1064,-457,1501
877,274,-1063,-454,1503
880,277,-1062,-456,1499
879,270,-1069,-459,1501
873,271,-1059,-449,1505
873,272,-1060,-453,1501
871,270,-1065,-452,1509
870,270,-1065,-452,1508
870,270,-1066,-453,1507
870,269,-1067,-453,1507
872,269,-1069,-454,1508
881,274,-1068,-457,1507
885,278,-1066,-457,1505
885,279,-1065,-456,1505
885,279,-1062,-453,1507
884,279,-1062,-452,1508
884,278,-1062,-452,1510
885,278,-1063,-452,1510
884,277,-1064,-452,1509
884,276,-1065,-453,1509
884,276,-1066,-454,1508
883,275,-1067,-454,1508
882,275,-1067,-454,1507
882,274,-1066,-453,1508
882,274,-1067,-453,1508
883,274,-1067,-454,1509
882,274,-1067,-454,1508
882,274,-1068,-455,1507
882,274,-1068,-456,1506
882,274,-1067,-456,1505
881,274,-1067,-456,1505
880,273,-1067,-456,1505
880,272,-1068,-456,1505
881,272,-1070,-457,1505
881,271,-1071,-457,1505
881,271,-1072,-458,1505
881,270,-1073,-458,1505
881,270,-1074,-459,1506
881,269,-1075,-459,1506
881,268,-1075,-459,1505
880,267,-1075,-460,1504
879,267,-1075,-461,1504
879,267,-1076,-462,1504
879,267,-1076,-463,1503
880,267,-1076,-463,1502
881,269,-1076,-463,1502
881,270,-1074,-463,1502
883,270,-1073,-460,1502
883,272,-1073,-459,1504
882,272,-1072,-459,1505
881,271,-1072,-459,1505
881,271,-1072,-460,1504
881,272,-1072,-460,1503
880,272,-1070,-460,1503
879,271,-1070,-458,1503
882,270,-1071,-458,1507
884,272,-1072,-459,1507
885,274,-1070,-460,1506
883,275,-1068,-459,1505
881,274,-1068,-458,1506
882,275,-1068,-459,1504
883,278,-1065,-458,1502
885,280,-1061,-454,1504
885,281,-1060,-452,1506
886,281,-1060,-451,1507
885,280,-1061,-452,1506
885,280,-1061,-452,1506
885,279,-1062,-453,1505
885,279,-1063,-454,1504
883,278,-1064,-454,1504
882,275,-1066,-455,1504
881,275,-1066,-455,1504
879,273,-1065,-452,1506
878,272,-1066,-452,1507
880,271,-1068,-455,1508
879,270,-1068,-455,1508
879,269,-1069,-455,1508
879,269,-1070,-457,1508
879,268,-1071,-457,1508
878,267,-1071,-457,1507
878,266,-1072,-457,1507
883,267,-1074,-458,1509
890,273,-1073,-460,1508
891,278,-1068,-459,1506
886,279,-1062,-454,1507
883,277,-1062,-452,1509
882,276,-1063,-452,1509
882,274,-1065,-454,1509
882,273,-1064,-452,1510
881,273,-1065,-452,1510
880,272,-1065,-453,1510
880,272,-1065,-454,1510
881,272,-1065,-454,1509
881,272,-1065,-454,1509
881,271,-1066,-455,1508
882,272,-1067,-456,1507
882,272,-1067,-457,1506
882,272,-1066,-456,1505
884,272,-1065,-454,1507
884,273,-1065,-454,1508
883,273,-1065,-454,1508
884,273,-1066,-455,1507
884,273,-1066,-456,1506
884,273,-1065,-455,1505
883,273,-1064,-454,1506
883,273,-1065,-455,1505
883,273,-1065,-456,1504
883,273,-1064,-456,1503
882,274,-1064,-454,1503
883,273,-1062,-453,1507
882,273,-1063,-453,1507
881,272,-1063,-454,1507
881,272,-1063,-455,1507
881,272,-1063,-455,1506
881,271,-1064,-456,1505
883,272,-1065,-457,1504
883,273,-1065,-458,1503
882,273,-1065,-458,1502
881,272,-1065,-458,1502
880,270,-1066,-458,1503
881,268,-1068,-459,1503
880,267,-1068,-459,1503
879,266,-1070,-459,1504
880,265,-1071,-460,1504
879,264,-1071,-460,1504
879,263,-1072,-460,1504
884,264,-1074,-464,1504
888,270,-1072,-466,1499
888,276,-1064,-463,1496
889,277,-1057,-453,1499
891,278,-1057,-448,1506
891,278,-1057,-448,1506
888,276,-1058,-449,1505
886,274,-1060,-450,1504
886,273,-1061,-451,1503
886,273,-1062,-452,1502
884,271,-1063,-451,1503
884,269,-1066,-452,1504
884,268,-1066,-451,1504
883,268,-1067,-449,1507
882,267,-1067,-450,1507
885,270,-1067,-451,1507
887,272,-1065,-451,1506
886,272,-1065,-451,1506
886,272,-1066,-452,1505
886,273,-1066,-453,1504
885,272,-1067,-454,1504
884,272,-1067,-452,1505
882,270,-1067,-452,1508
883,271,-1066,-453,1507
882,271,-1066,-453,1506
882,270,-1066,-453,1506
882,270,-1067,-452,1507
885,271,-1067,-453,1509
888,273,-1066,-453,1508
890,275,-1064,-453,1508
890,275,-1064,-453,1508
889,275,-1063,-452,1509
888,274,-1063,-452,1509
887,273,-1064,-452,1509
887,273,-1064,-452,1508
887,272,-1065,-453,1507
886,271,-1065,-453,1507
886,272,-1065,-454,1506
886,272,-1065,-454,1505
887,272,-1065,-453,1505
886,273,-1065,-453,1506
886,272,-1065,-453,1506
886,272,-1066,-453,1506
886,273,-1066,-454,1507
886,272,-1067,-455,1507
886,272,-1068,-456,1506
886,271,-1069,-456,1506
886,270,-1069,-456,1505
887,271,-1070,-456,1507
886,272,-1069,-457,1507
885,271,-1069,-457,1506
884,270,-1070,-457,1506
884,270,-1070,-457,1505
886,270,-1070,-456,1505
885,272,-1070,-456,1506
883,271,-1070,-456,1506
883,271,-1070,-457,1505
883,270,-1071,-458,1505
883,270,-1072,-459,1504
884,271,-1071,-460,1502
883,273,-1069,-458,1500
880,272,-1067,-455,1503
879,271,-1068,-454,1504
879,270,-1070,-455,1505
879,270,-1071,-456,1504
880,271,-1071,-457,1502
880,272,-1070,-457,1501
879,272,-1070,-457,1501
881,273,-1071,-459,1500
883,276,-1069,-460,1498
885,280,-1064,-455,1497
885,282,-1060,-449,1502
884,282,-1060,-448,1503
883,280,-1060,-447,1505
883,279,-1062,-447,1505
882,279,-1063,-448,1505
881,279,-1064,-448,1505
880,278,-1064,-449,1505
879,278,-1064,-450,1505
880,278,-1065,-451,1506
879,277,-1066,-451,1506
879,276,-1067,-452,1506
878,275,-1067,-452,1506
879,274,-1068,-452,1507
879,273,-1068,-452,1506
881,273,-1070,-452,1506
881,274,-1070,-453,1506
880,274,-1070,-453,1505
880,273,-1070,-453,1505
880,272,-1070,-454,1504
880,272,-1071,-454,1503
879,272,-1070,-455,1503
880,272,-1071,-457,1503
882,273,-1071,-458,1501
882,276,-1069,-458,1500
881,277,-1066,-455,1500
879,276,-1066,-453,1501
878,275,-1067,-453,1501
878,275,-1067,-453,1500
878,274,-1068,-454,1499
877,272,-1068,-451,1501
876,271,-1069,-451,1502
878,272,-1069,-450,1501
886,278,-1067,-450,1505
886,278,-1067,-450,1505
886,278,-1066,-449,1505
885,278,-1066,-449,1505
884,277,-1066,-449,1505
883,276,-1067,-449,1505
882,275,-1068,-450,1505
883,274,-1070,-453,1504
882,272,-1070,-452,1506
882,271,-1071,-452,1506
886,274,-1073,-456,1506
887,276,-1072,-457,1504
886,278,-1068,-454,1502
882,277,-1066,-450,1505
881,275,-1067,-449,1507
882,274,-1069,-450,1508
886,276,-1070,-454,1507
886,276,-1070,-455,1506
888,280,-1066,-453,1505
888,281,-1064,-451,1506
888,281,-1064,-450,1507
888,281,-1064,-450,1507
888,280,-1065,-451,1506
886,279,-1064,-451,1506
884,277,-1065,-451,1506
883,276,-1066,-452,1506
884,277,-1063,-449,1506
884,277,-1062,-448,1508
884,277,-1062,-448,1508
883,276,-1063,-449,1507
882,276,-1063,-449,1507
882,276,-1064,-450,1506
882,276,-1064,-451,1505
882,276,-1064,-451,1504
882,275,-1065,-452,1503
883,275,-1066,-453,1502
883,275,-1066,-454,1501
884,276,-1064,-454,1500
884,278,-1062,-451,1501
884,278,-1059,-448,1505
884,278,-1059,-448,1505
883,278,-1059,-448,1505
882,277,-1059,-448,1505
883,276,-1062,-448,1505
884,277,-1063,-450,1505
883,276,-1064,-450,1505
883,276,-1064,-450,1504
884,277,-1062,-449,1505
884,275,-1064,-451,1504
884,275,-1065,-452,1503
883,273,-1066,-452,1503
883,272,-1067,-453,1503
883,271,-1066,-449,1504
881,271,-1067,-448,1507
881,271,-1068,-448,1506
884,273,-1066,-449,1506
886,274,-1066,-448,1505
885,275,-1065,-448,1505
885,275,-1066,-449,1504
885,275,-1066,-450,1503
885,273,-1069,-451,1506
885,272,-1069,-451,1506
887,272,-1070,-450,1507
889,275,-1070,-451,1508
889,276,-1069,-451,1507
889,276,-1068,-450,1507
889,276,-1068,-449,1508
888,276,-1068,-449,1509
888,276,-1069,-450,1508
888,277,-1069,-451,1507
887,278,-1067,-450,1506
886,277,-1066,-448,1507
886,276,-1067,-448,1508
889,277,-1068,-450,1509
888,276,-1069,-450,1509
887,277,-1068,-450,1508
886,276,-1066,-449,1508
886,275,-1067,-449,1508
886,275,-1068,-450,1510
886,275,-1068,-451,1509
886,275,-1068,-451,1508
885,275,-1068,-451,1508
884,274,-1068,-451,1508
884,275,-1068,-453,1507
884,274,-1069,-454,1507
884,274,-1070,-455,1506
883,273,-1071,-455,1506
883,274,-1069,-455,1505
882,274,-1068,-454,1505
881,273,-1068,-454,1506
881,273,-1068,-455,1505
882,273,-1068,-455,1504
882,273,-1068,-455,1504
881,273,-1068,-455,1504
881,272,-1068,-454,1504
881,272,-1069,-454,1504
880,272,-1069,-455,1504
880,272,-1070,-456,1504
880,272,-1070,-457,1503
880,271,-1071,-458,1503
880,271,-1072,-459,1502
881,272,-1070,-460,1500
885,275,-1069,-457,1498
883,279,-1066,-456,1501
882,278,-1064,-455,1502
883,276,-1066,-452,1504
883,276,-1067,-453,1506
883,275,-1068,-453,1506
883,275,-1069,-454,1506
882,274,-1070,-454,1506
882,274,-1070,-454,1505
883,274,-1070,-454,1505
883,275,-1070,-454,1505
882,275,-1070,-454,1505
882,275,-1071,-455,1504
882,275,-1071,-456,1503
883,277,-1069,-456,1502
884,278,-1067,-454,1502
883,279,-1066,-452,1504
882,278,-1066,-452,1504
883,278,-1066,-453,1503
883,278,-1066,-453,1502
884,280,-1064,-452,1502
884,281,-1063,-450,1503
884,281,-1061,-448,1506
884,280,-1062,-450,1504
883,279,-1062,-450,1504
882,277,-1063,-450,1504
881,276,-1066,-452,1504
880,276,-1065,-450,1505
879,275,-1065,-450,1506
878,274,-1066,-450,1506
878,273,-1067,-451,1506
878,273,-1068,-452,1505
877,272,-1069,-452,1505
877,271,-1070,-453,1505
877,271,-1071,-454,1504
876,271,-1071,-455,1503
876,271,-1072,-456,1503
877,271,-1072,-457,1502
880,274,-1072,-457,1500
885,279,-1068,-457,1500
884,280,-1067,-457,1500
882,277,-1062,-452,1504
882,276,-1063,-450,1506
881,276,-1064,-451,1507
881,275,-1064,-452,1506
882,275,-1065,-452,1505
884,277,-1065,-453,1505
883,276,-1066,-454,1505
884,277,-1064,-452,1505
886,278,-1063,-450,1507
886,278,-1063,-450,1507
886,278,-1063,-450,1507
885,277,-1064,-451,1506
885,277,-1064,-451,1507
885,276,-1065,-452,1506
885,276,-1066,-453,1505
886,276,-1066,-454,1504
886,276,-1066,-454,1503
888,278,-1064,-452,1504
889,279,-1063,-451,1505
888,279,-1063,-451,1505
887,278,-1062,-450,1506
887,277,-1063,-449,1507
887,277,-1064,-450,1508
887,276,-1065,-450,1508
887,276,-1066,-451,1508
887,276,-1066,-452,1507
887,276,-1066,-452,1506
887,276,-1066,-452,1506
886,276,-1066,-452,1506
885,275,-1066,-452,1506
885,274,-1067,-452,1506
887,274,-1069,-453,1507
887,274,-1069,-454,1506
887,274,-1068,-454,1505
887,274,-1068,-453,1505
886,274,-1068,-453,1508
886,274,-1069,-454,1507
888,275,-1069,-455,1506
888,276,-1068,-455,1505
886,277,-1065,-453,1505
884,276,-1065,-452,1506
883,275,-1066,-452,1506
883,274,-1067,-453,1506
882,273,-1067,-453,1506
882,271,-1068,-452,1508
882,271,-1069,-453,1509
882,271,-1069,-454,1508
882,271,-1069,-454,1506
881,271,-1069,-454,1506
880,270,-1069,-454,1506
879,270,-1069,-455,1505
881,270,-1071,-456,1507
881,271,-1071,-457,1506
881,271,-1069,-457,1504
880,271,-1069,-456,1504
879,270,-1069,-456,1506
879,270,-1069,-457,1505
882,272,-1069,-457,1504
884,275,-1067,-457,1504
884,276,-1065,-456,1504
884,276,-1064,-454,1505
886,276,-1064,-452,1507
887,277,-1064,-452,1508
886,276,-1065,-453,1507
885,276,-1065,-453,1507
885,276,-1066,-454,1506
884,274,-1067,-454,1506
883,274,-1066,-454,1505
882,272,-1065,-452,1506
883,270,-1067,-450,1510
884,271,-1069,-452,1512
884,272,-1068,-453,1510
884,272,-1068,-453,1509
883,272,-1068,-453,1509
882,271,-1068,-453,1509
883,271,-1068,-454,1508
883,272,-1068,-454,1507
882,272,-1068,-454,1507
884,273,-1069,-456,1506
885,274,-1069,-457,1504
884,275,-1067,-456,1503
884,274,-1064,-452,1505
883,274,-1065,-451,1506
882,273,-1065,-452,1506
885,274,-1065,-453,1506
884,274,-1065,-453,1505
884,274,-1066,-454,1504
883,273,-1067,-454,1504
882,272,-1068,-455,1504
884,272,-1067,-452,1504
889,275,-1067,-450,1510
889,276,-1067,-450,1510
889,276,-1067,-450,1510
889,276,-1067,-450,1510
888,276,-1067,-450,1510
887,275,-1067,-450,1510
887,275,-1067,-451,1509
887,274,-1068,-452,1509
886,273,-1068,-452,1509
885,273,-1068,-453,1508
886,273,-1069,-454,1508
886,274,-1069,-455,1507
886,274,-1067,-455,1505
888,275,-1066,-452,1505
888,277,-1065,-451,1508
887,277,-1065,-451,1508
887,277,-1066,-452,1507
886,276,-1067,-452,1507
885,276,-1066,-452,1506
883,275,-1065,-450,1508
883,273,-1066,-449,1510
885,273,-1068,-450,1512
887,275,-1068,-453,1510
886,275,-1068,-453,1509
885,274,-1068,-453,1509
885,274,-1068,-454,1508
884,274,-1068,-454,1507
883,273,-1068,-453,1507
884,272,-1069,-453,1509
884,272,-1070,-454,1509
885,273,-1069,-456,1508
884,273,-1069,-456,1507
883,272,-1069,-456,1507
888,277,-1068,-459,1505
888,278,-1067,-459,1504
889,281,-1060,-452,1506
889,281,-1060,-451,1507
889,281,-1060,-451,1507
889,280,-1061,-452,1506
888,279,-1061,-452,1506
887,278,-1062,-452,1506
886,277,-1063,-453,1506
886,276,-1064,-454,1505
885,275,-1064,-454,1505
885,274,-1065,-454,1505
885,274,-1066,-455,1505
885,273,-1067,-455,1506
885,273,-1068,-456,1506
885,272,-1069,-456,1506
886,272,-1070,-457,1506
887,273,-1070,-458,1505
886,274,-1069,-457,1504
884,272,-1068,-455,1505
884,272,-1068,-456,1504
884,272,-1068,-456,1503
883,272,-1067,-455,1503
882,271,-1067,-454,1504
882,270,-1068,-454,1504
882,269,-1068,-454,1503
881,269,-1069,-454,1503
882,269,-1070,-454,1502
885,272,-1069,-456,1502
888,274,-1067,-456,1501
890,277,-1064,-454,1501
890,279,-1061,-452,1503
890,279,-1060,-451,1504
890,279,-1060,-450,1505
890,279,-1060,-450,1505
890,278,-1061,-451,1504
889,277,-1061,-451,1504
888,275,-1062,-450,1504
887,273,-1065,-451,1505
886,272,-1066,-452,1504
886,272,-1066,-451,1507
885,272,-1066,-451,1507
885,272,-1067,-452,1506
887,273,-1067,-453,1505
886,274,-1067,-453,1504
885,273,-1066,-452,1504
885,272,-1067,-451,1505
884,272,-1068,-452,1507
884,272,-1069,-452,1507
883,272,-1069,-453,1507
883,272,-1070,-454,1507
885,273,-1070,-456,1506
886,274,-1070,-456,1505
887,276,-1067,-455,1506
886,276,-1066,-454,1507
885,275,-1066,-454,1508
885,274,-1067,-454,1508
885,274,-1068,-455,1508
885,273,-1069,-455,1508
886,273,-1070,-456,1508
887,275,-1069,-457,1507
887,276,-1067,-456,1506
887,276,-1065,-453,1507
888,276,-1065,-452,1509
888,276,-1065,-452,1509
888,276,-1065,-452,1509
888,276,-1065,-452,1509
887,276,-1065,-452,1509
886,275,-1065,-452,1509
886,275,-1065,-453,1508
886,275,-1064,-452,1507
887,276,-1063,-451,1509
887,276,-1063,-451,1509
887,276,-1063,-451,1509
887,276,-1063,-451,1509
887,276,-1063,-451,1509
887,276,-1063,-451,1509
887,276,-1063,-451,1509
887,276,-1063,-451,1509
887,276,-1063,-451,1509
887,276,-1063,-451,1509
887,275,-1064,-452,1508
887,275,-1065,-453,1507
887,274,-1066,-453,1507
886,273,-1066,-453,1506
886,273,-1066,-454,1505
886,272,-1067,-455,1506
885,271,-1067,-455,1506
884,271,-1067,-456,1505
885,271,-1068,-457,1506
885,271,-1068,-458,1505
884,271,-1068,-458,1504
883,270,-1068,-458,1504
883,270,-1068,-459,1503
882,270,-1068,-459,1502
880,268,-1067,-458,1502
880,266,-1069,-457,1504
880,266,-1070,-458,1504
879,265,-1071,-458,1504
879,265,-1071,-458,1503
879,265,-1071,-457,1503
878,265,-1071,-457,1504
878,265,-1072,-458,1503
878,264,-1073,-458,1503
879,265,-1074,-459,1503
878,265,-1074,-460,1502
877,264,-1074,-460,1501
881,263,-1076,-458,1503
881,267,-1077,-460,1505
880,267,-1077,-461,1504
886,272,-1078,-466,1504
886,278,-1074,-467,1500
879,278,-1061,-457,1499
875,274,-1061,-450,1505
874,272,-1063,-450,1508
874,272,-1063,-450,1507
876,273,-1062,-448,1509
876,274,-1062,-448,1510
876,274,-1062,-448,1510
875,273,-1063,-449,1509
877,273,-1063,-448,1510
877,272,-1064,-449,1509
880,273,-1067,-450,1508
885,277,-1066,-454,1507
885,276,-1067,-455,1507
884,275,-1065,-453,1507
883,274,-1066,-452,1507
883,274,-1066,-452,1506
884,275,-1066,-452,1506
884,276,-1065,-452,1506
884,276,-1065,-451,1506
883,276,-1065,-451,1506
883,275,-1065,-451,1507
883,275,-1066,-451,1507
883,275,-1066,-452,1507
883,275,-1066,-452,1506
883,275,-1066,-452,1506
884,275,-1065,-451,1506
885,276,-1065,-450,1506
886,277,-1064,-450,1507
886,277,-1064,-450,1507
886,276,-1065,-451,1506
885,275,-1064,-450,1506
885,274,-1065,-450,1506
888,274,-1066,-452,1508
887,273,-1067,-452,1508
887,273,-1066,-452,1507
886,273,-1066,-452,1507
886,272,-1066,-452,1509
886,272,-1067,-452,1509
886,272,-1067,-453,1509
886,272,-1067,-453,1508
887,272,-1067,-453,1508
887,273,-1067,-453,1508
886,273,-1067,-453,1508
885,272,-1067,-453,1508
884,272,-1067,-454,1507
884,272,-1068,-455,1507
884,271,-1069,-455,1507
884,270,-1069,-455,1506
884,270,-1070,-455,1506
885,271,-1070,-456,1506
885,271,-1070,-456,1505
884,271,-1070,-456,1505
884,270,-1070,-456,1505
883,269,-1070,-457,1504
884,268,-1071,-456,1503
886,270,-1072,-457,1505
885,271,-1071,-458,1504
884,270,-1070,-457,1503
884,269,-1071,-456,1504
883,269,-1072,-457,1504
883,269,-1073,-457,1504
883,269,-1073,-458,1504
884,269,-1072,-457,1503
883,270,-1072,-456,1504
882,269,-1071,-456,1504
882,268,-1072,-456,1504
884,268,-1073,-457,1506
887,271,-1073,-458,1505
892,276,-1069,-458,1504
891,279,-1066,-456,1504
889,278,-1061,-452,1507
889,277,-1062,-451,1508
890,277,-1063,-452,1509
890,276,-1064,-452,1509
889,275,-1064,-452,1508
888,274,-1065,-452,1508
888,274,-1065,-452,1507
888,274,-1065,-451,1507
886,275,-1064,-449,1509
886,275,-1065,-450,1508
886,275,-1065,-451,1507
885,274,-1066,-452,1507
885,274,-1066,-452,1507
885,273,-1067,-453,1506
885,272,-1067,-453,1506
885,272,-1068,-453,1506
885,273,-1068,-454,1506
885,273,-1067,-454,1505
885,273,-1067,-454,1505
886,273,-1066,-454,1507
885,273,-1066,-454,1507
884,272,-1066,-454,1507
884,271,-1067,-454,1507
885,271,-1068,-455,1508
884,271,-1068,-456,1507
884,270,-1067,-456,1506
886,271,-1068,-455,1506
886,273,-1067,-456,1507
885,273,-1067,-456,1506
885,272,-1067,-456,1506
887,272,-1069,-456,1507
886,272,-1069,-457,1507
885,271,-1069,-457,1506
885,270,-1070,-456,1506
884,270,-1071,-457,1507
883,270,-1072,-457,1507
883,270,-1073,-457,1506
884,270,-1073,-458,1506
886,272,-1072,-458,1505
886,274,-1070,-457,1505
885,274,-1068,-455,1506
885,273,-1068,-454,1507
885,273,-1069,-454,1508
884,273,-1069,-455,1508
885,273,-1070,-456,1508
886,274,-1070,-457,1507
886,276,-1068,-457,1506
885,276,-1066,-455,1506
883,275,-1066,-454,1507
883,275,-1066,-455,1506
884,276,-1065,-455,1505
886,278,-1063,-454,1505
887,279,-1062,-453,1505
887,278,-1063,-454,1504
885,277,-1061,-452,1506
884,276,-1062,-451,1507
884,274,-1064,-453,1509
883,273,-1064,-453,1509
883,273,-1064,-454,1508
883,273,-1064,-454,1507
884,274,-1063,-454,1507
885,275,-1063,-454,1507
884,275,-1063,-454,1507
883,274,-1063,-454,1507
882,273,-1064,-453,1507
882,273,-1064,-453,1506
882,273,-1064,-453,1506
882,272,-1065,-454,1505
883,272,-1066,-456,1504
883,272,-1066,-457,1503
887,275,-1064,-456,1502
888,277,-1062,-455,1502
885,277,-1060,-453,1503
883,276,-1060,-453,1503
880,272,-1063,-452,1505
880,272,-1062,-452,1504
879,272,-1060,-449,1505
879,272,-1061,-450,1504
878,270,-1062,-450,1506
881,269,-1065,-451,1507
882,272,-1066,-454,1506
882,271,-1067,-454,1506
882,270,-1067,-453,1505
881,270,-1068,-453,1506
881,269,-1068,-454,1506
881,269,-1069,-454,1505
880,269,-1069,-455,1505
880,269,-1070,-456,1505
881,269,-1070,-457,1504
885,271,-1070,-456,1503
889,275,-1068,-456,1504
889,277,-1066,-455,1504
887,277,-1063,-452,1505
886,275,-1063,-450,1507
886,274,-1064,-450,1508
887,274,-1065,-451,1508
888,274,-1065,-452,1507
888,274,-1065,-452,1506
887,274,-1064,-452,1506
886,273,-1063,-451,1507
885,272,-1064,-451,1507
885,271,-1065,-452,1507
885,270,-1065,-452,1507
884,270,-1066,-452,1507
884,270,-1067,-452,1506
885,271,-1067,-453,1506
884,271,-1067,-453,1505
887,272,-1069,-455,1504
887,273,-1069,-456,1503
887,274,-1065,-455,1501
886,274,-1064,-450,1503
888,272,-1064,-449,1510
889,272,-1065,-449,1510
891,273,-1065,-450,1510
890,274,-1064,-450,1509
890,274,-1065,-451,1508
890,273,-1066,-451,1508
889,273,-1067,-452,1510
888,272,-1067,-453,1509
888,272,-1067,-454,1509
888,271,-1068,-455,1509
888,270,-1068,-455,1509
888,270,-1069,-455,1509
887,270,-1069,-456,1509
887,270,-1070,-457,1509
887,271,-1070,-458,1508
886,271,-1069,-458,1507
885,270,-1069,-457,1507
884,269,-1070,-457,1507
884,269,-1070,-457,1506
885,269,-1070,-457,1506
884,270,-1070,-457,1506
883,269,-1070,-457,1506
882,269,-1070,-458,1505
884,269,-1072,-459,1506
885,270,-1072,-461,1505
886,272,-1068,-461,1501
890,274,-1064,-454,1501
892,277,-1062,-451,1506
891,276,-1063,-452,1505
890,276,-1063,-452,1505
889,275,-1062,-452,1506
889,274,-1063,-452,1506
888,274,-1064,-453,1507
888,274,-1065,-453,1507
888,274,-1065,-454,1507
887,274,-1065,-454,1506
886,273,-1065,-454,1506
885,272,-1066,-454,1506
885,273,-1065,-454,1505
885,274,-1064,-453,1505
884,274,-1063,-452,1506
883,273,-1063,-452,1506
882,272,-1064,-452,1506
882,271,-1065,-453,1506
882,271,-1066,-454,1505
882,270,-1067,-454,1505
882,269,-1067,-454,1504
881,269,-1068,-454,1504
880,268,-1068,-455,1504
880,268,-1068,-456,1504
880,267,-1069,-457,1504
884,269,-1071,-458,1503
889,274,-1069,-460,1501
891,276,-1067,-459,1499
892,280,-1061,-453,1502
892,280,-1059,-450,1505
891,280,-1059,-449,1507
888,278,-1059,-449,1508
887,276,-1060,-449,1508
889,275,-1064,-451,1508
888,274,-1064,-451,1508
888,273,-1065,-451,1509
888,273,-1066,-453,1509
888,273,-1066,-454,1508
887,273,-1066,-454,1507
885,272,-1066,-454,1507
885,273,-1066,-455,1506
884,273,-1066,-455,1505
883,272,-1065,-452,1506
883,271,-1066,-451,1509
882,271,-1067,-452,1509
882,270,-1067,-453,1508
883,270,-1068,-453,1507
887,273,-1067,-455,1507
886,274,-1066,-455,1506
884,273,-1066,-455,1506
886,275,-1066,-457,1504
885,273,-1068,-458,1504
881,274,-1060,-451,1505
880,273,-1060,-450,1505
879,271,-1063,-449,1511
883,270,-1065,-453,1512
884,272,-1066,-455,1509
883,272,-1066,-456,1508
882,271,-1066,-456,1507
882,269,-1067,-455,1508
882,269,-1068,-456,1508
882,269,-1068,-457,1507
883,270,-1068,-457,1505
884,272,-1067,-457,1505
884,272,-1066,-456,1505
884,272,-1066,-455,1506
883,272,-1066,-455,1507
883,272,-1067,-456,1506
883,272,-1067,-457,1505
883,272,-1067,-457,1504
883,272,-1066,-456,1504
883,272,-1066,-455,1505
882,272,-1066,-455,1505
882,272,-1067,-456,1504
882,272,-1067,-457,1503
881,272,-1067,-457,1502
880,271,-1067,-457,1502
880,270,-1068,-457,1502
882,270,-1070,-459,1503
882,271,-1070,-460,1502
881,271,-1070,-460,1501
881,269,-1069,-457,1501
880,269,-1071,-456,1504
880,268,-1071,-457,1504
881,267,-1071,-458,1504
885,268,-1072,-458,1503
891,273,-1070,-459,1503
894,277,-1067,-458,1502
896,279,-1064,-455,1503
896,280,-1063,-454,1504
894,282,-1061,-452,1507
888,280,-1058,-449,1510
886,276,-1059,-448,1512
889,274,-1065,-450,1514
890,275,-1066,-453,1513
890,276,-1065,-454,1510
890,276,-1065,-454,1509
890,276,-1065,-453,1510
889,276,-1065,-453,1510
889,275,-1065,-453,1510
888,274,-1065,-454,1509
888,274,-1065,-455,1509
888,273,-1066,-456,1509
887,272,-1066,-456,1509
887,271,-1067,-456,1509
886,270,-1067,-456,1508
886,269,-1068,-456,1508
886,269,-1069,-457,1508
885,269,-1069,-458,1507
885,269,-1070,-459,1507
889,271,-1070,-461,1505
891,276,-1067,-461,1503
889,279,-1060,-457,1503
888,277,-1057,-451,1507
889,276,-1058,-449,1511
889,276,-1059,-450,1511
889,275,-1060,-450,1511
889,275,-1061,-451,1511
889,274,-1062,-451,1511
889,274,-1063,-452,1511
889,274,-1063,-453,1510
889,273,-1064,-454,1510
888,272,-1064,-454,1510
888,271,-1065,-454,1510
888,271,-1066,-455,1510
888,271,-1066,-456,1509
887,271,-1066,-456,1508
886,270,-1066,-456,1508
886,269,-1067,-456,1509
887,270,-1068,-458,1509
886,271,-1067,-459,1507
885,270,-1066,-458,1506
884,269,-1067,-457,1507
884,269,-1067,-457,1506
885,270,-1067,-457,1506
884,271,-1066,-457,1506
883,270,-1066,-457,1506
882,269,-1067,-457,1506
881,268,-1068,-458,1506
881,268,-1068,-458,1506
880,268,-1068,-458,1506
880,267,-1068,-458,1506
882,268,-1069,-458,1506
887,271,-1068,-459,1506
889,274,-1066,-458,1505
888,276,-1063,-456,1506
887,275,-1061,-454,1507
886,274,-1062,-453,1509
886,273,-1063,-454,1509
886,273,-1064,-455,1508
886,273,-1064,-456,1507
886,273,-1064,-456,1506
885,273,-1064,-456,1506
885,273,-1065,-457,1505
885,272,-1066,-457,1505
884,271,-1066,-457,1504
883,270,-1067,-457,1504
882,269,-1068,-458,1504
881,269,-1068,-458,1504
881,268,-1068,-458,1504
882,268,-1070,-458,1505
882,269,-1070,-459,1505
883,269,-1069,-459,1503
886,271,-1068,-457,1504
888,274,-1066,-456,1506
886,274,-1065,-455,1506
885,273,-1065,-455,1506
886,274,-1065,-456,1505
887,276,-1064,-455,1504
888,278,-1061,-452,1505
888,278,-1060,-451,1506
888,278,-1060,-450,1507
888,278,-1060,-450,1507
888,277,-1061,-451,1506
888,277,-1062,-452,1505
887,276,-1063,-452,1505
886,273,-1065,-453,1506
885,273,-1065,-453,1506
885,273,-1066,-454,1505
884,272,-1067,-454,1505
883,272,-1066,-453,1504
882,271,-1066,-452,1505
882,269,-1067,-452,1507
882,269,-1068,-453,1507
882,268,-1069,-453,1507
882,269,-1070,-454,1508
881,269,-1070,-455,1507
880,269,-1071,-456,1507
881,269,-1073,-456,1508
881,270,-1073,-457,1508
880,270,-1073,-457,1507
880,269,-1073,-457,1507
879,268,-1073,-458,1506
879,267,-1074,-458,1505
883,267,-1075,-459,1507
883,270,-1075,-460,1506
880,270,-1072,-460,1505
879,268,-1072,-458,1505
880,267,-1074,-458,1507
880,267,-1075,-459,1507
882,268,-1074,-460,1504
882,270,-1073,-459,1503
880,270,-1071,-458,1504
880,268,-1071,-457,1504
879,268,-1072,-457,1504
882,268,-1073,-456,1503
882,271,-1073,-458,1505
882,271,-1070,-458,1504
881,271,-1070,-457,1504
880,270,-1070,-457,1505
880,269,-1071,-457,1505
880,269,-1072,-458,1505
880,268,-1073,-458,1505
880,268,-1074,-459,1505
881,269,-1074,-460,1504
881,270,-1073,-460,1503
879,270,-1072,-459,1503
880,270,-1073,-460,1502
879,270,-1073,-461,1501
877,269,-1072,-461,1500
876,267,-1073,-460,1500
880,266,-1077,-462,1504
880,266,-1078,-463,1503
883,268,-1073,-464,1498
888,273,-1069,-457,1496
894,278,-1064,-453,1503
893,279,-1063,-453,1503
890,278,-1061,-451,1505
887,275,-1062,-449,1506
886,273,-1064,-450,1507
886,272,-1065,-451,1506
885,271,-1065,-451,1506
884,270,-1066,-451,1506
884,269,-1067,-452,1506
884,269,-1068,-453,1505
884,269,-1068,-454,1504
883,270,-1067,-454,1503
883,269,-1067,-453,1503
884,269,-1068,-452,1504
885,270,-1068,-453,1505
885,270,-1068,-453,1504
884,270,-1068,-453,1504
883,269,-1068,-453,1504
883,268,-1069,-453,1504
883,268,-1070,-454,1504
883,268,-1070,-455,1503
884,268,-1069,-455,1502
884,269,-1069,-454,1502
885,269,-1068,-454,1503
885,269,-1068,-453,1503
883,269,-1068,-453,1504
884,270,-1069,-454,1503
884,271,-1068,-455,1502
884,271,-1067,-454,1501
883,271,-1066,-452,1502
882,270,-1066,-452,1503
882,269,-1067,-452,1503
882,269,-1068,-453,1503
882,268,-1069,-453,1503
883,271,-1070,-455,1505
883,272,-1069,-456,1504
882,272,-1069,-456,1503
880,271,-1069,-456,1504
882,272,-1068,-458,1502
882,273,-1067,-458,1501
880,273,-1065,-457,1502
880,271,-1064,-454,1504
879,271,-1065,-454,1505
879,270,-1065,-455,1505
879,269,-1065,-456,1505
878,268,-1065,-457,1505
878,268,-1065,-458,1505
878,267,-1066,-459,1505
878,267,-1067,-460,1504
878,267,-1067,-461,1503
878,267,-1067,-460,1502
877,267,-1067,-460,1503
877,267,-1068,-461,1502
880,269,-1068,-463,1501
881,271,-1067,-463,1500
879,271,-1066,-463,1500
877,269,-1066,-462,1500
877,269,-1066,-463,1499
876,270,-1065,-461,1498
874,269,-1065,-460,1499
873,268,-1066,-460,1499
873,267,-1067,-461,1499
872,266,-1067,-461,1499
871,265,-1068,-461,1500
871,264,-1069,-462,1500
878,266,-1072,-468,1499
879,268,-1072,-469,1497
878,271,-1066,-467,1494
872,269,-1062,-459,1496
869,266,-1063,-457,1500
870,263,-1066,-458,1502
870,263,-1067,-459,1501
870,263,-1067,-460,1500
869,263,-1067,-460,1499
870,263,-1068,-461,1498
875,267,-1068,-464,1495
879,271,-1065,-464,1492
884,276,-1059,-460,1492
881,279,-1056,-456,1495
879,277,-1053,-453,1499
880,275,-1056,-449,1503
883,276,-1058,-452,1507
883,276,-1058,-453,1506
882,274,-1060,-454,1506
882,273,-1061,-455,1505
881,272,-1061,-455,1505
880,271,-1062,-455,1505
880,270,-1063,-456,1505
879,269,-1063,-456,1505
880,269,-1063,-458,1504
880,268,-1064,-459,1504
879,267,-1064,-459,1504
881,266,-1066,-457,1505
886,269,-1068,-459,1509
885,271,-1067,-460,1508
884,270,-1065,-459,1507
882,269,-1066,-458,1507
884,271,-1066,-458,1504
884,274,-1064,-458,1504
883,274,-1064,-458,1504
882,273,-1064,-458,1504
882,274,-1064,-459,1503
885,278,-1058,-455,1502
884,279,-1057,-453,1503
883,276,-1055,-449,1508
886,275,-1058,-447,1511
886,276,-1059,-448,1512
886,275,-1061,-448,1512
886,275,-1062,-450,1512
886,274,-1063,-450,1512
885,274,-1064,-451,1512
885,274,-1065,-451,1512
886,275,-1065,-453,1512
886,275,-1065,-453,1511
886,275,-1065,-453,1511
886,274,-1066,-454,1510
886,274,-1067,-455,1509
885,274,-1067,-456,1508
885,274,-1068,-457,1508
885,274,-1068,-458,1507
885,275,-1066,-458,1505
886,275,-1062,-454,1505
889,276,-1062,-450,1509
889,276,-1062,-450,1509
889,274,-1063,-451,1508
888,274,-1064,-452,1507
888,274,-1065,-451,1507
891,275,-1065,-452,1510
890,274,-1066,-453,1510
890,275,-1065,-453,1510
889,275,-1065,-452,1510
888,274,-1065,-452,1510
888,273,-1066,-452,1510
888,273,-1067,-453,1510
887,273,-1067,-454,1509
887,272,-1066,-454,1508
886,272,-1067,-453,1508
886,271,-1067,-454,1509
885,271,-1068,-454,1508
884,270,-1068,-455,1508
885,270,-1068,-456,1508
886,271,-1068,-456,1507
885,272,-1067,-456,1507
884,271,-1067,-455,1507
883,270,-1068,-455,1507
883,269,-1069,-456,1507
883,269,-1070,-457,1506
883,269,-1070,-458,1505
883,269,-1069,-458,1504
882,269,-1069,-458,1504
882,269,-1070,-459,1503
881,269,-1070,-460,1502
881,268,-1069,-459,1501
880,268,-1070,-458,1502
880,268,-1071,-458,1501
879,269,-1071,-459,1501
879,269,-1072,-460,1501
878,268,-1073,-460,1501
878,267,-1074,-461,1502
877,266,-1074,-461,1502
877,265,-1075,-461,1502
878,265,-1076,-462,1502
878,266,-1076,-464,1501
877,266,-1076,-464,1500
876,265,-1076,-464,1500
878,267,-1074,-466,1497
886,272,-1069,-460,1494
885,279,-1064,-456,1500
883,278,-1062,-455,1501
883,275,-1063,-452,1503
886,275,-1067,-453,1507
886,275,-1067,-454,1506
886,275,-1067,-454,1505
885,275,-1067,-453,1505
885,274,-1066,-451,1507
887,274,-1067,-451,1508
887,275,-1067,-452,1508
886,275,-1066,-452,1507
886,274,-1066,-452,1507
887,275,-1067,-452,1509
888,275,-1066,-453,1509
887,275,-1066,-453,1508
885,274,-1066,-453,1508
888,277,-1066,-455,1506
886,275,-1068,-456,1506
884,280,-1061,-450,1507
884,280,-1063,-452,1505
881,276,-1065,-447,1512
881,275,-1066,-448,1513
885,275,-1069,-452,1511
885,276,-1069,-453,1510
884,276,-1068,-453,1509
883,275,-1068,-453,1509
883,274,-1069,-453,1510
883,274,-1070,-454,1510
883,274,-1070,-455,1509
883,274,-1069,-455,1507
885,274,-1069,-453,1508
888,276,-1069,-453,1510
889,277,-1068,-453,1510
889,278,-1067,-452,1510
889,278,-1067,-451,1510
888,278,-1067,-451,1510
886,277,-1067,-451,1511
887,278,-1067,-452,1510
887,278,-1067,-452,1509
886,278,-1066,-451,1509
885,277,-1066,-450,1510
885,277,-1066,-451,1509
885,276,-1067,-452,1509
884,275,-1067,-452,1509
884,274,-1068,-452,1509
886,275,-1069,-453,1509
887,276,-1068,-454,1508
886,277,-1067,-453,1507
884,276,-1067,-452,1507
883,275,-1068,-452,1507
883,275,-1068,-452,1506
883,274,-1069,-453,1505
882,273,-1069,-453,1505
884,274,-1069,-454,1503
885,276,-1068,-454,1502
885,277,-1066,-453,1503
884,277,-1066,-452,1503
883,275,-1066,-451,1505
883,275,-1066,-452,1504
884,275,-1066,-452,1503
886,277,-1065,-452,1505
886,277,-1065,-452,1505
885,277,-1065,-452,1505
883,275,-1065,-451,1506
883,274,-1066,-451,1506
883,274,-1067,-452,1506
883,273,-1068,-451,1507
883,273,-1069,-452,1508
883,273,-1069,-453,1507
883,273,-1069,-453,1506
882,273,-1069,-453,1506
882,272,-1069,-453,1506
882,272,-1070,-453,1506
