9,-11866,0,-11866
25,-45888,-295,-45594
16,-47427,-3596,-43831
-18,16565,124,16441
-23,47231,9393,37838
4,4857,5416,-559
8,-3131,-7481,4350
-5,19093,-3091,22185
10,-23974,-1971,-22004
14,-46635,-7391,-39245
18,-19163,-10886,-8277
22,-58990,-14425,-44565
-3,-16797,-5592,-11205
-29,54042,17884,36158
-40,76924,43255,33669
-19,72957,39331,33626
-7,30260,18541,11718
-7,32088,4203,27886
-11,8272,11577,-3305
-10,14945,15490,-545
7,-4458,892,-5350
-5,-3505,1301,-4805
0,19542,1584,17958
11,-37268,-11773,-25496
-8,9199,2582,6617
-27,56010,31567,24443
-5,19472,24779,-5307
3,-7551,4972,-12523
8,9764,-10369,20133
22,-55087,-34436,-20651
28,-69519,-51571,-17948
24,-56573,-53802,-2770
14,-45162,-40344,-4818
-7,-4272,-4813,541
-5,22295,12573,9722
-14,18728,26091,-7363
-6,44484,24075,20408
-18,19372,28039,-8667
-19,59755,40345,19410
-13,22879,33372,-10493
5,9551,7838,1712
5,-17067,-11275,-5792
14,-18444,-25927,7484
-5,-25712,-11160,-14552
-10,32783,15841,16941
6,-15883,58,-15940
-5,6725,6676,50
10,8882,-7870,16751
-8,-24731,-3427,-21303
1,30504,7978,22526
20,-55809,-30419,-25390
10,-20514,-25457,4943
-12,16969,4317,12651
-18,24872,28984,-4112
12,-2262,3779,-6041
-1,-8379,-3325,-5054
-27,65001,37918,27083
-20,32433,42355,-9922
-19,35697,43954,-8257
-9,53268,35221,18047
23,-34281,-24106,-10175
35,-79422,-67991,-11431
32,-70452,-77478,7026
-11,-29866,-18984,-10882
-11,35794,22352,13442
-13,6288,28846,-22558
-9,60314,36355,23959
-20,32483,36175,-3692
-12,43975,36814,7162
-20,23677,36051,-12375
9,21590,9630,11960
32,-78975,-58056,-20919
38,-68817,-80357,11539
22,-76758,-71818,-4939
4,-31156,-30897,-259
-11,7628,10449,-2822
1,18776,14150,4626
-9,13335,17836,-4501
-28,70804,55699,15104
-23,49852,54339,-4487
-22,46278,53979,-7702
-3,40741,30996,9745
28,-48514,-39910,-8604
32,-74973,-73206,-1767
31,-70870,-79251,8381
18,-76684,-64875,-11809
8,-23979,-29835,5856
1,-10642,-8430,-2212
-19,34668,32500,2168
-8,41694,33993,7701
7,-14964,-4194,-10771
4,4802,-3236,8039
10,-16765,-21350,4585
17,-49649,-41102,-8547
28,-50151,-54687,4536
4,-37305,-33432,-3873
-28,49577,39489,10088
-32,60444,68355,-7910
-25,66865,70970,-4104
-6,50684,41428,9256
-2,4844,9493,-4649
8,-5304,-10484,5180
5,-33154,-23298,-9856
-1,1105,-3143,4248
-15,13747,17799,-4052
-22,51077,48313,2763
-18,44863,47660,-2796
-8,32309,32330,-21
3,6650,5735,915
-13,13346,15410,-2064
-13,35246,29226,6020
-13,11973,23611,-11637
13,7504,566,6938
19,-50728,-41719,-9009
20,-32911,-42922,10011
19,-62320,-55376,-6944
0,-19584,-18238,-1345
2,5751,-610,6362
-18,12113,21778,-9665
-6,51586,36947,14639
2,-15418,-2713,-12705
23,-15367,-24865,9497
28,-74504,-67238,-7266
27,-57918,-64353,6435
17,-62710,-57303,-5407
-16,9505,8101,1404
-24,59371,52874,6497
-27,51077,61991,-10914
-14,68992,58997,9995
11,-7330,-3552,-3778
10,-25974,-24996,-979
21,-34396,-42155,7759
21,-74719,-62866,-11853
26,-45186,-52318,7132
22,-64805,-60088,-4717
-5,-5608,-9459,3851
-4,17239,11996,5243
15,-31341,-21083,-10258
-2,3760,878,2882
-10,32749,21568,11181
-11,2286,12448,-10162
-13,38672,36667,2005
0,18321,15455,2866
3,-12097,-7527,-4570
-13,23056,19312,3744
-21,38594,37922,672
-10,24667,29111,-4444
-1,13136,14361,-1225
7,-382,-4271,3889
-10,-197,3119,-3316
8,1696,-3909,5605
10,-45789,-33059,-12730
11,-1533,-12104,10571
-16,354,5986,-5632
-34,73275,67075,6201
-25,57398,62747,-5348
-19,56389,57049,-661
-14,52737,46366,6371
16,-17051,-15135,-1916
18,-55690,-47048,-8642
0,-2850,-10791,7940
-19,11258,15727,-4470
-29,54464,57031,-2567
-20,63003,61070,1933
8,11304,11348,-44
21,-36424,-35354,-1070
1,-19192,-20756,1564
-6,2825,482,2343
1,-15195,-7315,-7880
-14,28969,28264,704
-3,33817,25329,8488
7,-25919,-16964,-8954
27,-29652,-35908,6256
5,-43129,-36737,-6393
3,5361,-4433,9794
-15,-8689,3419,-12109
-3,43398,32369,11029
14,-30841,-23554,-7288
32,-42793,-47820,5027
22,-67906,-64776,-3130
6,-26156,-30238,4082
6,-26360,-23479,-2881
-6,3526,5425,-1899
6,16326,8264,8062
24,-51868,-45962,-5906
27,-48922,-51959,3037
7,-34349,-35179,830
4,-14578,-16649,2071
9,-28799,-23569,-5231
16,-17616,-21568,3952
27,-50670,-51656,985
2,-32049,-29178,-2871
-10,24837,16910,7927
7,-19761,-13764,-5997
-7,9333,11113,-1780
-23,64567,54853,9714
-30,47751,53166,-5415
-9,45059,43152,1907
12,-9423,-7004,-2419
16,-25573,-27731,2158
18,-47537,-46754,-783
-13,-13396,-7394,-6002
-27,61656,54947,6709
-22,41116,47245,-6129
-23,67774,65241,2533
-27,72101,69172,2930
-26,57795,60284,-2489
-5,28115,29006,-891
-6,5809,10377,-4569
-12,33058,28253,4804
9,-16838,-14776,-2061
15,-43443,-37160,-6283
11,-12217,-18078,5861
16,-44497,-42260,-2238
23,-54516,-52464,-2052
11,-33651,-33792,140
-18,21310,19879,1431
-22,47499,46035,1464
-18,39080,43000,-3920
-16,58493,53751,4742
-13,36560,36030,530
-18,32715,35425,-2710
-15,39037,37915,1122
-13,23608,26916,-3308
3,12830,10162,2668
0,-12481,-8122,-4360
13,-9761,-15005,5244
9,-45996,-38759,-7236
8,-7582,-12396,4814
13,-38593,-35715,-2878
-2,-8050,-6447,-1603
2,11279,5834,5445
-10,-3405,3525,-6931
-11,46681,39834,6847
-9,12036,15796,-3761
0,16644,14259,2385
-14,17004,19455,-2451
-28,61241,57972,3269
-7,25604,26847,-1244
-4,5006,9637,-4631
12,8355,-1,8357
23,-65472,-59437,-6035
4,-24814,-24210,-604
-9,12644,10030,2614
7,-16374,-13497,-2877
2,-7371,-5186,-2185
14,-15,-8083,8068
4,-38955,-31825,-7131
-8,23772,18981,4790
-26,32474,36627,-4153
-4,39828,35220,4608
14,-28009,-23160,-4849
3,1244,-2659,3903
5,-11896,-13837,1941
10,-39926,-34600,-5326
24,-34709,-37945,3237
24,-60153,-58759,-1394
-7,-6172,-6378,206
-7,19664,15950,3713
18,-37728,-33266,-4462
37,-52787,-57039,4252
41,-85435,-87241,1806
21,-76492,-73457,-3035
-21,8226,9051,-826
-40,81252,78246,3005
-8,47070,47365,-295
33,-30184,-31111,927
40,-71163,-74623,3460
12,-58661,-58160,-500
-20,760,2473,-1713
-16,35256,34252,1004
-22,48036,51158,-3122
-23,84008,76906,7102
-6,21812,24181,-2369
-7,9957,14146,-4189
-15,38892,36124,2768
-20,29091,32023,-2932
12,-945,-2243,1298
21,-52533,-47131,-5402
25,-36632,-43098,6467
7,-55882,-50482,-5400
0,-2018,-5156,3137
-13,8578,11787,-3209
-27,64941,62107,2835
3,25989,23095,2894
19,-40603,-35170,-5433
28,-34691,-40939,6249
12,-60090,-56072,-4019
10,-24258,-27287,3030
-1,-22422,-18391,-4031
-12,34512,30734,3779
-8,22129,21656,474
2,4551,5356,-805
-4,10217,10197,19
16,-13946,-17398,3452
-2,-32505,-25642,-6863
11,10634,2254,8379
17,-64860,-57521,-7339
25,-30038,-34973,4935
31,-76360,-75252,-1108
25,-65525,-65668,143
1,-22056,-22742,687
0,2320,-247,2568
20,-35867,-33471,-2395
32,-50305,-51585,1280
-3,-18146,-17780,-365
-13,29668,24860,4808
3,-16978,-11830,-5148
30,-28838,-31357,2519
14,-40767,-39603,-1164
-1,-2311,-6106,3796
-8,-10867,-6746,-4121
-17,39812,39068,744
-1,30098,26705,3393
-5,1560,5023,-3464
6,15067,10149,4918
19,-52547,-48567,-3979
23,-44902,-45607,705
14,-43820,-43269,-551
15,-35941,-36979,1039
1,-23851,-21079,-2772
-2,17150,13203,3947
-15,14897,17625,-2728
-22,61656,58532,3124
-19,43139,44039,-900
-2,24774,24063,711
15,-19391,-19043,-347
6,-23930,-22869,-1061
8,-17021,-19173,2152
23,-59710,-57066,-2643
1,-21038,-19229,-1809
-17,40743,36373,4370
2,-3216,-1986,-1230
9,-16723,-14476,-2247
5,7436,3497,3938
-18,10016,12498,-2482
-2,21306,18531,2775
9,-28322,-24074,-4247
-2,16566,13952,2614
-21,29843,30076,-233
-6,19571,19149,422
26,-39251,-38234,-1017
14,-33663,-32876,-788
-5,7060,3987,3073
-24,13469,18015,-4546
-15,51124,48469,2654
-10,28012,29513,-1501
-12,43056,40991,2066
-1,7674,7797,-123
-8,941,4283,-3343
-21,47353,45945,1409
-7,20773,20607,166
8,-14130,-11878,-2252
-4,10610,10107,504
-18,29807,29396,411
-6,12996,13678,-682
-8,12820,15185,-2365
-23,58847,56783,2065
1,15952,14348,1604
-8,-8690,-2754,-5937
12,20440,13332,7108
9,-57994,-51041,-6953
-11,27474,25095,2379
-22,32395,33288,-893
3,11458,10672,785
21,-33655,-32776,-879
26,-41281,-43578,2297
13,-53417,-51557,-1860
3,-21656,-21734,78
-6,559,1335,-776
6,6668,4162,2506
14,-27506,-26619,-887
5,-8643,-9734,1091
12,-22340,-23665,1325
22,-54868,-53224,-1645
12,-29947,-30362,415
13,-23086,-25285,2199
16,-46423,-44859,-1564
-2,-4891,-4897,6
-13,30626,28689,1937
-8,16186,16744,-558
18,-13193,-14773,1580
33,-61150,-61048,-103
7,-35511,-34875,-636
-19,19311,18551,759
-24,35639,37441,-1802
-29,70714,70800,-87
-11,61551,58223,3328
11,-14098,-12120,-1978
30,-47465,-48545,1081
30,-80246,-79131,-1115
14,-54676,-54588,-88
-19,6964,8076,-1111
-21,52227,49941,2286
-17,37869,40505,-2637
17,16161,11731,4430
17,-51924,-48116,-3808
-13,19755,17497,2258
-33,43351,44672,-1322
-22,52236,53499,-1263
12,11001,10336,665
7,-14423,-12625,-1798
-2,10823,7775,3049
10,-39206,-37135,-2071
26,-51372,-50899,-473
26,-51150,-52252,1102
2,-25694,-25525,-169
-5,4649,3151,1498
-20,22232,24664,-2432
-26,76935,74073,2862
-8,34191,33994,197
25,-29796,-29907,111
26,-58920,-57815,-1105
20,-47012,-49284,2272
0,-41616,-38493,-3123
6,-337,-3431,3094
18,-39760,-38643,-1117
-3,2979,2798,182
-3,20074,16727,3347
-9,-7375,-3618,-3756
4,23642,20251,3391
-5,-7033,-4359,-2674
3,16300,13120,3180
12,-40622,-38301,-2321
10,-17125,-17830,705
0,-9440,-9582,142
-1,-2281,-2437,156
13,-18961,-19383,422
27,-47396,-47782,386
6,-29146,-28448,-697
-8,12976,10996,1981
11,-23785,-23389,-397
21,-38925,-38247,-679
15,-21340,-23379,2039
17,-42669,-43186,517
-8,-16486,-13745,-2741
-2,28021,23973,4048
13,-34263,-32022,-2240
30,-36158,-38614,2457
14,-51177,-49560,-1617
0,-6493,-8334,1840
-8,-6666,-4786,-1880
-19,43256,42819,437
-28,68376,67622,754
-10,43253,42057,1196
-7,12388,14716,-2328
19,-3087,-6647,3560
9,-57253,-52596,-4657
-6,17892,15331,2562
-6,-6356,-5073,-1283
-4,9097,9768,-671
15,-6053,-7975,1922
13,-39586,-37926,-1661
16,-22683,-24973,2290
-2,-30485,-27934,-2551
-18,39393,37854,1539
-29,50626,51727,-1101
-13,53769,52542,1227
4,4505,5496,-990
-5,13331,13303,28
-7,15239,14150,1089
2,-15867,-14384,-1483
14,-19099,-19238,139
9,-23223,-23093,-130
-12,9869,10034,-166
-7,18868,17788,1080
0,-5150,-3211,-1939
-10,32141,31226,914
-26,47203,47232,-29
-7,29133,28334,799
0,-5473,-3126,-2348
13,2102,-509,2611
12,-44972,-43076,-1896
19,-35381,-36521,1139
-10,-17109,-14491,-2619
-13,45770,42569,3201
14,-28943,-27576,-1367
-2,-952,559,-1510
-24,62534,59798,2736
-5,5516,6315,-799
15,-24526,-23379,-1147
33,-40550,-43186,2635
6,-51999,-49458,-2541
-14,21590,19760,1830
0,-7539,-6633,-906
-6,12590,13667,-1077
-22,62423,60719,1704
-28,51245,52204,-960
-20,50442,51105,-662
-16,46401,46797,-396
-4,26396,25778,618
-3,-2750,-1197,-1552
-16,26934,27371,-438
5,4755,3497,1258
-6,-14953,-11627,-3327
-5,39748,36603,3145
10,-34250,-32730,-1520
-2,-3453,-2605,-847
-19,41761,40962,799
-19,32862,33578,-716
-21,44873,45883,-1011
-25,69066,68350,716
-3,26106,25369,738
5,-16540,-14837,-1703
21,-22536,-24606,2071
14,-59088,-56782,-2306
-13,11616,11636,-20
-22,37452,37549,-96
-28,53300,54686,-1386
7,34668,31800,2868
3,-23377,-20418,-2959
17,-22,-3802,3780
1,-55780,-51738,-4041
7,9218,6575,2642
-15,-9717,-6861,-2856
1,38662,35530,3133
11,-41489,-39136,-2352
9,1107,-293,1400
16,-37028,-37392,364
-10,-13037,-11319,-1718
-19,54702,52841,1861
-29,41005,42917,-1913
-28,84210,83271,938
6,17873,17451,422
4,-18994,-17017,-1977
15,-4703,-7274,2571
29,-87942,-86079,-1864
26,-60237,-60584,347
26,-59111,-60052,941
15,-54818,-54164,-654
14,-25197,-26365,1168
-4,-11377,-10355,-1022
0,21749,19945,1804
-18,12241,14125,-1884
-16,65593,63531,2062
7,-11106,-10427,-679
16,-24548,-24316,-232
-2,-4370,-4593,223
-28,34987,35254,-267
-17,43738,43406,332
14,-10936,-10414,-522
29,-40573,-40959,386
27,-61442,-61959,517
-11,-25162,-23876,-1286
-5,22264,20474,1790
20,-45677,-44094,-1583
33,-41865,-42874,1009
17,-47719,-47881,161
-15,127,306,-178
0,8606,7725,881
3,-15637,-13806,-1831
12,14250,12069,2181
8,-37700,-36647,-1053
7,-11648,-12295,647
-8,-5880,-5002,-878
-5,24845,23837,1008
7,-14846,-14356,-490
0,510,719,-209
1,7108,6184,924
20,-43812,-43536,-276
14,-40053,-39228,-825
21,-27639,-29244,1605
17,-65028,-63588,-1440
-17,20891,20793,98
-37,74771,73935,835
-6,33910,33763,147
-5,13301,14773,-1472
-6,46709,44632,2076
-17,3988,5653,-1665
0,18421,17647,774
-4,-6416,-5011,-1404
-15,44960,44017,943
-29,43333,44078,-745
-17,53920,53320,601
-1,10575,11168,-592
-7,20380,20368,12
8,-4185,-5154,969
-2,-29076,-27169,-1907
-2,23496,22110,1386
-13,522,1814,-1292
5,18412,17061,1351
20,-49329,-48326,-1003
14,-24749,-25092,343
13,-34088,-34513,425
18,-52531,-52009,-522
-10,1212,1934,-722
-34,74284,73394,891
-32,66928,67404,-476
10,22511,21757,755
8,-20869,-19589,-1280
-12,32502,31072,1430
-11,-379,324,-702
0,-793,-254,-538
20,-16326,-17131,804
13,-39976,-39466,-510
-4,-995,-1349,355
10,-21842,-22179,337
0,-19390,-18099,-1291
4,21815,20074,1741
-12,-5146,-3677,-1469
5,23030,21397,1633
30,-67413,-66684,-730
17,-38685,-38655,-30
-7,1994,1431,563
-17,12224,12853,-629
1,16619,16142,477
12,-13444,-13296,-148
-9,15642,15723,-80
-25,44110,43858,252
-9,20025,20262,-237
16,-13261,-13299,37
14,-24808,-24742,-66
7,-19953,-20459,506
-1,-24506,-23778,-728
-5,11034,10891,144
12,-8364,-8983,618
12,-31499,-30962,-537
22,-28456,-29644,1188
29,-77767,-77197,-570
31,-66493,-66961,468
6,-41920,-41316,-604
-26,39371,38969,401
-3,26316,25407,909
17,-28620,-27638,-983
5,8541,7768,772
-11,10762,10636,126
-3,-1778,-1563,-215
0,-378,135,-512
1,15988,15298,689
8,-18068,-18107,39
12,-30180,-30000,-181
-12,8507,9045,-538
-7,29443,28439,1004
-11,2166,3582,-1417
-8,46673,45592,1081
-16,22557,23315,-758
-10,36577,36022,555
10,-15647,-15507,-139
30,-50201,-50508,307
17,-53091,-52660,-431
13,-32082,-32766,684
3,-37218,-36136,-1082
-18,37318,37054,263
-2,25379,24397,982
-9,3140,4465,-1325
-12,55619,54295,1324
15,-27339,-27238,-101
30,-63058,-62718,-340
10,-30790,-30828,39
-3,-7626,-7991,365
-21,13280,14396,-1116
-17,61834,60811,1023
-19,38596,39355,-759
-4,40630,39764,867
6,-18147,-17395,-752
23,-32380,-33019,639
25,-71793,-71282,-510
-1,-19484,-19384,-100
-13,19720,19306,415
-1,3030,3162,-131
20,-18369,-18816,447
3,-15496,-15162,-334
-3,11974,11105,869
7,-30263,-29694,-570
-12,16449,16959,-510
1,29626,28212,1414
-1,-25637,-24276,-1360
18,-822,-2253,1431
22,-67120,-66283,-837
2,-11583,-11835,252
8,-16855,-17490,635
-9,-11077,-9911,-1166
-15,57798,56601,1197
-24,34107,35040,-933
-4,43870,43046,824
23,-39362,-39011,-351
10,-28696,-28420,-275
15,-25156,-26084,928
10,-58610,-57515,-1095
2,4948,4223,725
9,-17097,-17441,344
13,-29938,-29893,-45
11,-16709,-17142,432
-13,6176,6558,-382
-32,63878,63782,96
-16,48309,48182,127
-2,16238,16692,-454
-7,29843,29762,81
7,-6092,-6362,270
22,-58135,-57554,-581
27,-51235,-51649,413
-5,-21832,-21272,-560
-28,50034,49636,398
-27,51056,51511,-455
7,26939,26204,735
17,-28725,-28255,-470
22,-30995,-31809,813
0,-44896,-43896,-1000
-11,19900,19375,524
-29,39539,40273,-734
-7,54280,53318,962
21,-35891,-35268,-623
12,-22200,-22216,16
-19,18569,18506,63
-33,49791,50139,-348
-17,50031,50249,-218
2,20811,21017,-206
29,-30927,-31467,540
25,-76572,-75922,-651
-7,-10516,-10784,267
-21,26172,26023,149
-11,26373,26658,-285
3,17790,17742,48
6,-1312,-1400,88
0,-6979,-6932,-48
-16,15044,15374,-330
-22,45203,45265,-62
8,7635,7471,164
3,-16269,-15354,-915
-22,51054,50539,515
-18,28473,28688,-215
-23,35024,36134,-1109
-5,52772,51945,826
-6,-2387,-1307,-1080
-16,42155,41918,237
-7,14152,14291,-139
7,-13877,-13510,-366
-10,13607,13922,-315
-21,47425,47042,383
-9,13921,14364,-443
5,3935,4070,-135
20,-23687,-24065,378
16,-50471,-50172,-298
-12,2193,2325,-132
-12,26357,25947,410
-3,956,1532,-576
-1,23179,22829,350
20,-23053,-23543,490
1,-35304,-34321,-982
11,3595,2315,1280
-5,-34627,-33264,-1363
-6,42690,41572,1118
-14,7672,8435,-763
-4,35427,34814,613
-9,6139,6811,-672
-10,38209,37759,450
1,-4375,-4101,-274
-9,10716,11113,-397
-18,43694,43395,298
-26,40781,41281,-500
-15,50087,49895,192
2,6203,6470,-266
-2,5379,5570,-191
-21,32420,32491,-71
-5,17186,16981,206
-4,-5772,-4899,-874
-10,41802,41208,594
-25,32386,32879,-493
4,21192,20621,571
13,-40516,-39591,-926
3,8676,8096,580
4,-21463,-21418,-45
15,-38928,-38706,-222
13,-27845,-27824,-21
-17,19686,19758,-71
-26,55414,55082,332
5,4013,4046,-33
16,-22158,-21886,-273
30,-35140,-36016,876
9,-66236,-65268,-969
-17,25984,25542,443
-37,56893,57239,-346
-9,58149,57635,515
12,-13011,-12381,-630
0,11680,11387,293
-12,11278,11131,148
-28,29368,29968,-600
-27,72746,72510,236
-7,32739,32850,-111
26,-26944,-26989,45
11,-44310,-43789,-521
2,-3014,-3773,759
-9,-20777,-20016,-761
10,7320,6771,549
-4,-9749,-9099,-651
10,16764,15718,1046
14,-58366,-57511,-855
17,-18407,-18921,514
22,-56604,-56528,-76
6,-32372,-32206,-166
-14,22384,22057,327
-15,29653,29567,86
1,13666,13678,-12
12,-9287,-9284,-3
-2,-2865,-2805,-60
1,1172,836,336
-7,-9546,-8957,-589
-17,47136,46791,345
-5,20857,20745,112
22,-31771,-31606,-165
13,-35203,-34905,-299
11,-17123,-17721,598
-14,-17121,-16374,-747
-8,41800,41008,791
7,-17905,-17414,-491
9,-2911,-3077,166
11,-20189,-20402,213
-5,-14175,-13857,-319
-8,22618,22265,353
-23,30236,30681,-445
-4,44736,44090,646
8,-25025,-24340,-685
28,-27836,-28351,515
-2,-40542,-39874,-668
-19,43438,42641,798
-3,-4071,-3633,-438
25,-24732,-24715,-17
9,-25732,-25598,-135
9,-8735,-9462,727
5,-47747,-47025,-722
3,8212,7833,379
0,-3769,-3759,-10
-11,18760,18778,-19
10,2956,2570,386
12,-41404,-40820,-584
4,3967,3507,460
-15,5568,5774,-206
-15,36934,36730,203
-20,36842,37166,-324
-26,72624,72373,251
-9,33933,33894,39
24,-34650,-34425,-225
24,-56623,-56348,-275
-13,1037,923,115
-32,47296,47133,163
-26,52502,52767,-265
-17,62803,62780,22
15,9764,9394,371
35,-79678,-79135,-544
22,-61087,-61154,67
-17,-4216,-4168,-48
-10,24106,23746,360
14,-26042,-25501,-541
8,2498,2307,191
9,-9799,-10267,468
1,-33436,-32923,-512
-9,21632,21417,216
-18,30945,31019,-74
-3,24974,24759,215
26,-38800,-38741,-59
42,-80056,-80064,8
29,-80232,-80251,18
-15,-13407,-13235,-172
-42,74548,74322,226
-35,84430,84571,-141
-25,82955,83011,-57
-16,64729,64466,263
8,-3968,-3935,-33
26,-59601,-59287,-314
20,-54339,-54344,6
-12,-7513,-7392,-121
-25,43981,43843,137
-32,60430,60878,-448
-11,66695,66261,434
-9,18534,19061,-528
-21,52868,52646,222
-3,11787,11720,67
26,-50730,-50423,-307
31,-61519,-61544,26
0,-28117,-28103,-14
-8,4635,4359,276
6,-18975,-18650,-326
-7,20231,20295,-64
-19,53923,53490,433
0,4710,4754,-44
-9,6967,7491,-524
-11,47132,46569,562
10,-24381,-24185,-196
-6,-4933,-4454,-478
-7,35647,35039,609
-1,-17835,-17359,-476
-11,26165,26224,-59
-15,41191,40983,208
-7,13333,13499,-166
-3,12394,12507,-113
-8,20647,20626,21
-11,19205,19280,-75
-14,24328,24496,-168
-6,24056,23988,68
4,-2541,-2453,-88
21,-31223,-31365,142
22,-57723,-57545,-178
6,-26175,-26213,38
-20,18631,18759,-128
1,19596,19155,441
21,-41598,-41215,-383
26,-31050,-31543,492
1,-32685,-32438,-247
-23,29505,29407,98
-31,56590,56738,-148
-8,50738,50445,293
1,8301,8578,-277
2,12120,11835,285
-4,-12009,-11696,-313
-10,13884,13957,-73
-16,30359,30455,-96
-15,38613,38584,29
13,-4180,-4349,169
-1,-17233,-16674,-559
-24,56208,55791,417
-1,3864,3864,0
21,-40632,-40253,-379
-1,4532,4439,93
-19,31190,30973,217
5,-11785,-11687,-97
18,-33137,-32876,-261
-7,16365,16206,159
-33,52168,52165,3
-4,22034,21909,125
0,-5087,-4467,-620
14,17336,16416,921
-3,-38563,-37738,-825
6,8206,7613,593
12,-49043,-48528,-515
1,6348,6164,184
-6,8079,8009,70
-11,13951,14104,-153
6,7904,7655,249
12,-26727,-26535,-192
3,-3651,-3787,135
17,-31881,-32084,202
19,-57152,-56800,-352
-9,11138,11109,29
-30,53425,53320,105
-7,28111,28025,86
-4,12326,12692,-366
6,24137,23509,628
7,-38524,-38121,-403
10,-16961,-17114,153
-2,-15641,-15391,-250
-22,39102,39078,24
-10,32632,32425,207
-17,24551,25004,-453
-13,59307,58828,479
-9,8260,8550,-290
12,-3458,-3709,251
0,-22869,-22402,-467
-26,51594,51449,145
-40,67366,67533,-167
-30,79448,79429,19
4,29427,29229,198
18,-29405,-29237,-168
-3,-7749,-7625,-124
-6,787,637,150
-4,-12726,-12337,-389
-4,25504,25327,177
-11,20755,20813,-58
-18,36984,36992,-9
1,12826,12640,186
10,-23487,-23225,-262
-11,19859,19893,-34
-29,48620,48584,36
-35,62601,62823,-222
-26,77272,77172,100
11,13605,13355,250
29,-57758,-57496,-262
28,-60921,-61079,158
28,-83711,-83663,-48
-3,-34623,-34194,-428
-5,25803,25222,582
-18,13259,13884,-624
-31,90334,89977,357
-30,68348,68421,-73
10,15391,15148,244
23,-50065,-49677,-388
-6,4309,4231,78
-15,15315,15184,131
-13,7159,7600,-441
-6,38274,38114,161
-13,28636,28747,-111
6,8739,8399,341
13,-42077,-41719,-358
2,-1447,-1567,120
-20,19484,19635,-152
-27,53132,53171,-40
-19,51063,51145,-82
17,2684,2364,320
37,-73310,-73177,-133
39,-82522,-82806,284
28,-92988,-92872,-116
-3,-28536,-28341,-195
-4,16778,16411,366
14,-23517,-23367,-150
-3,8371,8562,-191
-3,26642,26092,550
10,-37110,-36812,-298
20,-28459,-28557,98
12,-32732,-32687,-45
0,-10791,-10845,54
0,-7753,-7708,-45
20,-27634,-27756,122
26,-54565,-54457,-108
11,-29791,-29856,65
3,-19202,-19271,69
-23,19437,19889,-452
-24,74466,74027,439
-8,24114,24294,-180
-12,37718,37814,-96
-15,42412,42182,229
12,-18742,-18830,88
22,-52633,-52359,-274
23,-39859,-40173,314
13,-56157,-55996,-161
14,-33163,-33298,134
-12,-2266,-1866,-400
4,26705,26026,679
0,-25366,-24733,-633
18,7958,7247,711
33,-86478,-86189,-289
7,-33131,-32970,-161
-26,36992,36869,123
-14,32238,32092,146
-8,20962,21323,-361
-6,46850,46493,357
9,-15985,-16017,32
6,-27751,-27458,-293
7,-6597,-6813,216
-2,-17643,-17392,-251
6,550,283,267
-10,-150,230,-380
-10,41975,41565,410
-1,-5903,-5695,-208
-12,27476,27580,-103
-19,46643,46518,124
-25,41924,42133,-208
-6,37085,36879,206
10,-14273,-14104,-169
17,-25239,-25324,85
24,-59267,-59270,3
-7,-23664,-23225,-439
-31,63753,63497,256
-38,68211,68423,-212
-34,95624,95613,11
6,35275,34945,330
31,-60845,-60496,-349
35,-70802,-71027,225
-2,-48708,-48339,-369
-20,28213,27964,249
2,-771,-733,-38
-5,16253,16552,-300
-15,56730,56374,356
8,-14739,-14767,29
31,-60856,-60766,-90
40,-73032,-73329,296
14,-64065,-63894,-171
10,-26624,-27015,391
-10,-15356,-14859,-497
-17,63036,62548,488
-10,24414,24504,-90
-2,21828,21805,23
12,-9546,-9695,149
1,-20931,-20662,-268
8,-5361,-5702,340
15,-49393,-49192,-201
26,-40293,-40561,267
12,-45855,-45710,-145
8,-14305,-14603,298
15,-41699,-41696,-4
4,-13207,-13117,-91
-14,31245,31116,129
-28,47654,47803,-149
0,30996,30692,304
16,-29749,-29485,-264
8,-5096,-5254,159
14,-36444,-36636,192
18,-58916,-58734,-181
8,-17596,-17694,98
8,-15465,-15677,212
-11,140,433,-293
-19,54103,53886,217
-21,39135,39349,-214
-2,32395,32230,165
1,-3054,-2823,-230
-7,17882,17825,57
1,-6054,-6094,40
1,-13448,-13212,-236
18,-14595,-14963,368
14,-50306,-50033,-273
-17,23628,23638,-10
-29,53169,53124,46
-33,63461,63809,-348
-11,64477,64196,282
16,-17829,-17727,-102
3,-15350,-15129,-221
10,-13494,-13879,386
-6,-33177,-32569,-608
-9,41527,41126,401
-8,5452,5656,-203
-10,31396,31387,10
16,-8855,-9137,282
11,-44382,-43943,-439
2,7643,7320,323
10,-35850,-35835,-15
10,-28535,-28440,-95
19,-23089,-23442,353
7,-38484,-38267,-217
8,-5924,-6298,374
22,-51917,-51943,25
12,-31256,-31200,-56
14,-16732,-17164,431
-1,-29228,-28910,-319
-3,23549,23192,357
0,-6822,-6738,-84
-4,14653,14641,13
-13,28590,28584,5
8,-1438,-1656,218
29,-59698,-59579,-119
16,-38186,-38165,-21
-6,-4857,-4923,66
0,-7848,-7960,111
7,-13955,-13863,-91
21,-16118,-16489,370
26,-62958,-62900,-58
4,-26349,-26287,-62
-20,25658,25604,55
-17,35913,35835,78
4,12141,12070,71
3,2635,2724,-89
2,3630,3470,161
-3,-14161,-13928,-233
-1,7402,7309,93
8,-12647,-12664,17
-13,13622,13879,-257
-1,26744,26287,456
-4,-19512,-18993,-519
-15,50863,50662,201
-4,13258,13197,61
-5,1399,1708,-309
2,17886,17625,261
2,-18198,-17959,-238
-4,8860,8833,27
-23,31552,31767,-215
-23,58441,58326,115
-10,27160,27287,-128
17,-6075,-6232,158
12,-36010,-35726,-285
-17,19390,19442,-52
-7,13135,12953,182
-6,-3073,-2677,-396
13,15208,14704,504
18,-54580,-54308,-273
12,-25478,-25592,114
9,-32905,-32960,55
-14,4153,4377,-223
-5,35407,34949,458
18,-36151,-36055,-96
18,-28653,-28645,-8
-7,1299,1315,-15
-1,1040,792,249
4,-21399,-21138,-261
18,-6600,-6968,369
4,-29966,-29685,-281
-24,40978,40925,53
-41,71656,71786,-130
-31,83827,83822,5
-7,43750,43805,-55
-9,25561,25837,-275
-19,40328,40337,-9
-29,40358,40646,-287
-29,66026,66094,-67
-1,30591,30431,160
23,-38302,-38195,-107
8,-28391,-28248,-143
-23,22508,22539,-31
-31,49231,49281,-50
-2,27981,27887,94
4,3635,3854,-219
5,9722,9416,307
-5,-20368,-20080,-289
-16,28188,28185,3
5,4875,4675,200
21,-41729,-41547,-182
18,-28942,-29052,110
-3,-18730,-18648,-82
-25,33744,33814,-69
-8,35092,34860,232
1,769,1066,-296
-10,37666,37559,107
-28,43105,43210,-106
-12,37747,37586,161
9,-11937,-11748,-189
29,-34189,-34395,205
-1,-34495,-34113,-382
-9,21828,21396,432
-11,-7550,-7151,-400
-15,52091,52041,49
8,9397,9149,249
29,-59018,-58918,-101
29,-60196,-60265,69
-7,-22491,-22322,-168
-33,52449,52359,90
-22,52036,52055,-19
-15,50435,50652,-217
-12,54937,54799,137
-22,34635,34819,-185
-29,59854,59884,-30
-5,26385,26281,103
25,-38874,-38807,-67
25,-51933,-51895,-38
-10,-10124,-10029,-94
-11,16321,16057,265
-8,1192,1555,-363
9,22329,22001,328
15,-36760,-36623,-137
28,-47742,-47979,236
33,-87785,-87740,-45
30,-72232,-72367,135
19,-57975,-58049,74
-8,-5164,-5128,-36
-9,29176,28870,307
7,-7050,-6978,-73
19,-17113,-17197,84
5,-20096,-20032,-64
-25,30675,30747,-72
-4,24418,24081,336
4,-18958,-18487,-470
-2,33229,32960,269
-3,-5848,-5818,-31
-10,7684,7849,-166
-6,23763,23648,115
-7,9995,10149,-154
-1,17054,16927,127
7,-16386,-16345,-41
-12,9889,10106,-217
-29,59783,59702,81
-16,37063,37080,-16
-18,38822,39113,-292
-8,48527,48246,282
-10,4397,4683,-287
10,2905,2613,292
31,-72401,-72303,-98
2,-27325,-27076,-249
0,7827,7402,425
2,-36350,-35970,-380
-14,41654,41632,22
-23,55294,55213,81
-14,33475,33487,-11
-3,18885,18926,-41
-9,22909,22971,-62
-21,36715,36778,-63
-15,32919,32916,3
10,-5115,-5185,70
14,-28672,-28551,-121
6,-13529,-13614,84
-2,-16808,-16711,-97
-10,12126,12197,-71
2,12378,12214,165
4,-9833,-9709,-124
-15,29876,29935,-59
-12,31313,31156,156
-3,476,645,-169
2,13606,13528,78
23,-33198,-33401,203
35,-83093,-83006,-87
33,-73784,-73885,101
16,-59930,-59858,-72
6,-23118,-23210,92
-6,371,462,-92
2,17143,16892,250
-2,-1959,-1785,-173
11,1768,1456,312
29,-66237,-66214,-23
9,-35856,-35658,-198
-4,8143,7908,234
10,-30967,-30950,-16
18,-30521,-30477,-45
-3,3233,3289,-56
-10,20570,20403,167
4,-12387,-12341,-46
2,794,910,-116
1,12034,11839,195
14,-32865,-32897,32
-2,-14399,-14144,-255
-20,44900,44790,110
-33,54281,54464,-183
3,33127,32775,352
21,-43598,-43342,-256
1,2453,2378,75
-2,-8338,-8469,130
-4,-17464,-17197,-268
-5,26093,26021,72
-22,39077,39232,-155
0,27757,27422,335
-8,-7892,-7420,-473
-25,73417,73214,203
-19,33346,33380,-34
-5,18040,18095,-55
26,-21872,-22182,309
22,-65696,-65494,-202
17,-35363,-35588,225
2,-43378,-43093,-284
1,5108,4992,116
8,-15093,-15078,-14
-6,9279,9399,-119
-2,19520,19277,243
19,-41043,-41034,-9
16,-35410,-35340,-69
-16,17668,17779,-111
-39,66344,66422,-78
-40,84291,84429,-138
-26,85066,85005,61
-14,52556,52500,56
-7,23757,23704,53
20,-30938,-31149,211
21,-67050,-66795,-254
-11,6230,6335,-106
-34,51084,51165,-81
-40,77339,77527,-188
3,48452,48020,432
38,-61950,-61911,-39
32,-64831,-65011,180
3,-46120,-46105,-15
-16,2680,2801,-121
-27,50298,50496,-197
2,38877,38610,267
33,-52665,-52690,26
37,-70753,-70948,194
4,-44744,-44697,-47
-2,-8443,-8612,168
2,-20135,-19871,-264
1,19522,19406,116
-11,21344,21388,-45
3,8193,8001,192
-9,-3335,-2973,-362
-2,34371,34026,345
-5,-13378,-13070,-308
4,14353,14123,231
4,-22327,-22172,-154
0,4464,4391,72
9,-17766,-17857,91
1,-15902,-15724,-178
-9,26007,25903,104
-21,29786,29957,-171
-25,60100,60164,-63
-24,59494,59611,-117
-14,46670,46696,-26
-17,34270,34463,-193
2,17536,17351,185
18,-45649,-45524,-126
2,-13683,-13594,-89
9,-12331,-12632,301
13,-53247,-53025,-222
-2,7915,7884,31
-5,13750,13618,132
-8,5758,5935,-178
13,1658,1383,275
1,-22729,-22413,-317
-15,42132,41940,192
-14,15350,15475,-126
-3,17345,17376,-31
4,5122,5111,11
8,-12122,-12200,78
12,-32523,-32539,16
2,-17834,-17753,-81
9,-10735,-10949,215
25,-55882,-55900,18
8,-27816,-27728,-88
-26,41030,41038,-8
-45,79206,79366,-160
-24,76070,76085,-14
9,15566,15564,2
30,-39943,-40078,135
29,-75372,-75440,68
25,-75461,-75565,104
7,-45825,-45717,-108
2,-1158,-1337,179
18,-30927,-31037,110
7,-20190,-20063,-127
5,6504,6190,314
14,-42191,-42144,-47
-7,1447,1622,-175
7,12571,12145,425
-5,-25749,-25292,-457
6,26153,25699,455
5,-36615,-36336,-279
21,-16956,-17311,355
27,-73292,-73225,-68
3,-22012,-21988,-24
-15,20850,20769,81
-6,12266,12276,-10
5,4276,4316,-40
18,-14435,-14652,216
22,-55377,-55397,20
7,-32723,-32700,-23
-21,21409,21511,-102
-40,75460,75586,-127
-25,75410,75401,9
19,202,83,120
8,-24499,-24217,-282
-4,15381,15036,345
5,-40224,-40047,-177
11,-20462,-20451,-11
-8,12153,12213,-60
-25,48063,48056,7
-5,20565,20489,76
20,-27835,-27790,-45
11,-18691,-18691,1
-12,7682,7695,-13
-1,-1882,-1973,91
6,-18316,-18141,-175
-3,21117,21025,91
8,-9248,-9437,189
20,-52702,-52613,-89
20,-36923,-37054,131
20,-47934,-48080,145
16,-49759,-49775,16
16,-33226,-33385,159
3,-19506,-19472,-34
3,1782,1574,209
-1,-8616,-8513,-103
6,4812,4608,204
0,-11359,-11226,-133
-20,38102,38152,-50
-34,65462,65561,-99
-19,55511,55526,-15
11,3314,3292,22
15,-25514,-25440,-74
9,-23561,-23664,102
-2,-25627,-25472,-155
-1,1670,1593,78
-9,11391,11538,-146
-20,50576,50549,26
0,17053,16924,129
-4,-3255,-2943,-312
-19,51885,51798,86
-29,45833,46041,-208
-34,72191,72382,-191
-14,57065,57015,49
3,3845,3986,-142
29,-37802,-38036,234
18,-71451,-71181,-269
-8,2335,2247,88
-24,26111,26250,-139
4,17847,17663,184
28,-43566,-43521,-45
24,-40092,-40255,163
3,-33337,-33344,7
-24,18722,18901,-180
-10,39553,39369,184
21,-25525,-25505,-20
13,-19866,-19825,-40
-14,18251,18196,54
-3,821,712,109
13,-29883,-29719,-164
19,-16461,-16659,197
7,-29762,-29749,-13
-23,21931,22100,-170
-29,63769,63727,42
-21,49485,49690,-205
-21,66766,66847,-81
5,20388,20157,232
-5,-17200,-16766,-435
-22,55560,55392,168
-24,33390,33551,-160
-5,26996,26984,11
10,-6051,-6084,33
27,-42017,-42281,263
-2,-37144,-36841,-303
-7,23009,22718,291
-5,-14272,-13943,-330
0,24653,24557,97
0,3480,3482,-2
11,-14233,-14374,142
11,-33884,-33804,-80
-17,20932,21058,-126
-15,40104,39943,161
10,-18290,-18190,-100
18,-21342,-21384,42
0,-7668,-7713,45
-4,-2736,-2823,87
10,-24864,-24815,-48
9,-14211,-14176,-35
10,-10533,-10731,198
12,-37280,-37268,-12
19,-36275,-36394,119
-8,-7485,-7256,-229
-28,61985,61904,80
-29,53648,53876,-228
1,35583,35464,120
22,-30463,-30470,7
36,-62580,-62896,316
29,-92569,-92520,-49
23,-63041,-63217,176
1,-33403,-33284,-119
-10,26371,26199,172
5,-824,-912,88
-7,10042,10242,-200
-21,58692,58543,149
-12,22476,22532,-56
-7,18886,19045,-159
-2,23627,23538,89
-18,19523,19758,-235
-2,25173,24944,230
17,-42802,-42629,-172
24,-34888,-35027,139
-6,-17433,-17261,-172
-26,45048,44970,78
-8,21462,21473,-11
14,-7237,-7217,-20
12,-13131,-13168,37
4,-16584,-16662,79
-18,5159,5387,-228
-27,61138,61107,31
-15,43540,43595,-55
20,-7326,-7483,157
13,-39397,-39161,-236
18,-21962,-22349,387
-2,-49066,-48661,-406
3,15435,15066,368
22,-52150,-52125,-25
13,-26969,-26960,-9
2,-1628,-1821,193
-17,6809,7014,-205
-7,36484,36271,213
-7,9465,9672,-208
-4,32343,32184,158
16,-27605,-27654,49
-3,-17511,-17205,-306
-3,26204,25880,324
-8,-13759,-13442,-317
4,19350,19107,243
-11,3098,3385,-287
-30,68786,68736,49
-1,18402,18280,122
13,-30041,-29783,-259
21,-15868,-16145,278
10,-52395,-52233,-162
-13,6219,6259,-41
-10,24686,24549,137
-4,9736,9841,-105
-11,37365,37371,-6
12,-2807,-3037,231
35,-79839,-79733,-106
22,-52210,-52222,12
-12,-1674,-1670,-4
-18,26895,26788,107
8,-923,-1008,85
0,6585,6746,-161
2,20732,20430,302
15,-50064,-49937,-127
11,-26452,-26434,-18
-5,4629,4597,31
4,-5179,-5354,175
17,-38722,-38671,-51
10,-15660,-15729,69
-3,-3384,-3434,50
0,-5211,-5276,65
20,-31520,-31648,128
19,-42273,-42243,-30
5,-13652,-13779,127
8,-25709,-25822,113
-15,6002,6241,-239
-1,39125,38694,431
9,-33095,-32848,-248
-7,24263,24256,6
8,-2397,-2666,269
23,-63440,-63281,-159
16,-28163,-28252,89
-4,-8898,-8915,17
-2,104,-22,126
8,-16263,-16225,-38
-3,11570,11605,-35
-26,48957,48999,-42
-40,75275,75403,-128
-26,73863,73923,-59
14,8809,8745,64
15,-35109,-34856,-253
-4,2660,2557,103
-1,-19073,-19077,4
12,-29972,-29903,-69
16,-22086,-22180,94
18,-37235,-37370,135
1,-26844,-26733,-111
-24,38772,38804,-32
-31,65937,65965,-28
-28,69428,69589,-161
0,40578,40415,164
-5,-1216,-887,-329
-23,52920,52842,77
-32,46455,46648,-193
-1,25720,25603,117
11,-19792,-19628,-163
27,-28173,-28540,367
18,-75900,-75631,-270
15,-33752,-33936,184
1,-30452,-30271,-180
9,938,677,261
9,-29906,-29769,-137
-9,22377,22349,28
-1,12905,12718,187
10,-28117,-27981,-136
-8,16720,16781,-62
3,11679,11396,284
12,-44307,-44079,-228
12,-10307,-10436,130
7,-24156,-24167,11
15,-32555,-32642,87
2,-22510,-22350,-160
-7,22544,22384,160
-1,-1931,-1914,-16
19,-23163,-23268,105
16,-37999,-37926,-73
-12,11534,11560,-26
-36,57549,57618,-69
-6,38922,38745,177
7,-9352,-9108,-244
3,19502,19295,207
-16,3888,4076,-188
-22,39806,39818,-12
-26,50526,50680,-154
-22,68375,68300,74
-11,33681,33693,-13
-5,15737,15782,-44
-2,6089,6079,9
-9,5607,5731,-124
-4,14254,14182,72
12,-22711,-22713,2
16,-32864,-32845,-19
1,-12109,-12082,-27
-20,23821,23906,-86
-8,28177,28060,117
0,1413,1544,-132
-16,41519,41523,-3
-11,32071,31933,138
-8,2640,2859,-219
11,5912,5684,228
15,-42212,-42073,-139
12,-22037,-22139,102
-17,738,989,-252
-17,47275,47086,189
0,1377,1475,-98
27,-21517,-21737,220
27,-64451,-64377,-74
12,-38790,-38845,55
1,-27663,-27592,-70
6,-11822,-11876,54
1,-2874,-2809,-65
12,-3002,-3250,249
11,-38247,-38088,-159
-5,9355,9314,41
-24,34432,34532,-99
-18,48808,48734,73
-2,17518,17548,-30
-9,25575,25636,-61
5,7748,7522,226
-7,-18234,-17870,-364
-5,33129,32873,256
4,-20938,-20804,-134
-7,13572,13650,-78
-4,20096,19928,168
-17,10859,11142,-284
-10,46953,46729,224
15,-25323,-25316,-7
37,-62302,-62397,95
31,-77619,-77599,-21
26,-68375,-68489,115
9,-53306,-53123,-183
13,-14054,-14284,231
18,-42869,-42784,-85
8,-11604,-11636,32
-18,22763,22847,-84
-19,45289,45202,87
-14,30237,30388,-151
-17,54609,54576,33
-3,23521,23384,137
-10,4357,4579,-222
4,15580,15310,270
16,-48546,-48408,-138
3,-11700,-11661,-38
-6,6887,6807,80
-15,13138,13310,-173
-2,27018,26865,153
2,-4925,-4803,-122
-17,35331,35358,-27
1,13213,12970,243
-10,-10555,-10142,-414
-27,77055,76879,176
-18,35078,35077,1
3,6030,6073,-43
11,-7926,-7980,53
-11,4881,4997,-115
-22,38740,38685,55
-12,22020,22108,-88
-10,31820,31887,-67
-9,34676,34586,90
17,-22130,-22290,160
3,-34196,-33876,-320
1,17108,16790,317
-14,-9709,-9372,-337
7,20253,19929,324
0,-23073,-22734,-339
-8,39673,39435,238
-19,16119,16303,-185
-5,29348,29213,135
14,-21671,-21647,-24
32,-50445,-50609,164
9,-50876,-50678,-198
-26,33820,33828,-7
-14,31115,31027,88
2,1809,1984,-174
0,25472,25354,117
-5,5726,5680,45
11,-23318,-23383,65
-1,-17625,-17384,-241
7,8955,8639,316
16,-52393,-52234,-159
4,-8620,-8597,-22
-21,31140,31191,-52
-15,37862,37774,88
11,-9567,-9557,-10
10,-13332,-13282,-51
15,-19617,-19866,249
-12,-21210,-20839,-371
-34,75032,74942,90
-39,75873,76032,-159
-16,70333,70214,120
-10,30585,30708,-123
14,2413,2090,323
16,-61754,-61461,-293
23,-38048,-38273,225
20,-70864,-70730,-135
4,-18829,-18830,1
-17,21436,21489,-53
-15,39657,39573,84
-21,42125,42315,-190
-11,56108,55904,204
13,-19181,-19183,2
12,-29746,-29644,-102
-10,8143,8163,-20
-13,17662,17618,45
4,-5089,-5067,-22
-7,14345,14506,-162
-17,48340,48193,146
0,-445,-467,22
20,-32700,-32676,-24
24,-43261,-43323,62
2,-28726,-28634,-92
-18,19790,19789,2
5,2354,2210,144
7,-17280,-17062,-217
-8,33716,33585,131
-10,10539,10517,22
-5,5271,5371,-99
14,-5807,-5970,164
-4,-13738,-13480,-257
-16,41173,40987,186
-28,32374,32623,-249
-15,59853,59703,151
6,278,309,-31
30,-40934,-41083,149
7,-46916,-46668,-248
-24,35097,35036,61
-29,43802,43877,-75
-26,65506,65636,-129
-22,75792,75729,63
12,3432,3234,198
40,-83511,-83449,-61
31,-76803,-76791,-12
-3,-30580,-30509,-71
-38,45636,45779,-143
-36,88876,88823,52
-22,70026,70113,-87
6,33773,33569,205
13,-31153,-31036,-117
-13,6966,7077,-111
0,4626,4398,227
3,-30677,-30363,-314
-8,35690,35586,104
-13,22042,22036,6
-7,15221,15258,-37
-18,35053,35196,-143
-15,48758,48616,142
-15,21133,21314,-181
-16,45656,45630,26
-10,24518,24526,-8
-7,14610,14684,-74
14,-10303,-10468,165
11,-41379,-41180,-198
-14,21077,21089,-13
-15,27191,27107,83
-24,33950,34220,-270
-16,67573,67377,197
11,-10253,-10291,38
31,-55222,-55236,14
26,-63267,-63275,8
-8,-19674,-19533,-141
-29,45986,45975,11
-35,70046,70179,-133
-18,74479,74369,109
9,8744,8688,56
33,-52766,-52863,97
14,-58790,-58600,-190
-13,7331,7284,47
-23,26360,26457,-97
-18,50735,50766,-32
17,7279,7030,249
19,-48465,-48262,-203
-11,14237,14222,15
-22,27298,27271,27
-6,13402,13461,-59
-8,28589,28706,-116
13,8121,7790,331
21,-66469,-66268,-201
-1,-6936,-6893,-43
0,-468,-657,189
13,-38688,-38574,-114
28,-36631,-36788,157
0,-26201,-25992,-209
5,4386,4023,363
16,-58147,-57927,-221
2,4468,4471,-3
-16,29172,29132,40
-21,34933,35002,-69
0,23544,23424,120
-8,12702,12899,-197
-5,33305,33055,250
-11,-4536,-4293,-243
-23,53094,53103,-9
-31,63277,63325,-48
-25,62826,62838,-12
-13,43898,43889,8
3,10840,10772,68
2,-10711,-10622,-88
-1,-673,-713,40
-16,10778,10959,-180
-27,58251,58256,-4
-13,41422,41352,70
16,-11908,-11983,75
35,-59744,-59822,78
19,-62103,-62010,-93
-6,-14296,-14263,-33
-19,19829,19928,-99
-25,57448,57508,-60
-28,76853,76845,8
-4,38797,38605,192
2,-9151,-8981,-170
5,3549,3388,161
3,-28095,-27982,-114
-12,11865,11971,-106
1,13216,13027,189
11,-29357,-29222,-135
25,-29263,-29482,219
35,-83437,-83435,-2
20,-63186,-63109,-77
-18,7550,7692,-141
-27,56467,56384,83
-15,40113,40181,-67
21,4309,4034,275
44,-83029,-83060,31
25,-73986,-73911,-75
17,-52663,-52794,131
-17,-15368,-14960,-408
-2,46606,46069,537
1,-18710,-18388,-322
14,15206,14883,322
20,-58106,-58039,-67
5,-22207,-22169,-38
7,-14117,-14282,164
2,-24097,-23919,-178
5,9029,8871,158
-12,5981,6176,-195
-11,40117,39949,168
13,-21228,-21242,14
6,-16863,-16716,-147
-20,37830,37807,23
-21,36367,36332,34
-8,19630,19743,-113
-14,40978,41062,-84
-14,41472,41371,101
5,-8989,-9009,20
29,-49163,-49220,56
29,-65870,-65876,5
-4,-21013,-20926,-87
-29,41686,41697,-12
-9,31569,31496,73
8,-1035,-914,-122
27,-21179,-21451,272
1,-42971,-42706,-265
-8,19926,19692,234
-7,-10073,-9880,-193
-19,48456,48540,-85
3,26181,25911,270
11,-37093,-36884,-209
-5,15113,15081,32
4,-6967,-7136,169
23,-55918,-55861,-57
35,-60342,-60460,117
30,-74131,-74184,53
13,-50403,-50419,15
-24,17332,17529,-197
-8,45997,45698,299
23,-40180,-40018,-162
6,-3508,-3444,-64
-18,31083,30931,152
0,-7481,-7539,59
10,-22663,-22443,-220
19,-8295,-8544,250
26,-66798,-66846,48
-5,-22850,-22629,-221
-1,17152,16868,284
15,-46578,-46378,-200
10,-7113,-7102,-11
-1,1102,1012,90
0,-10266,-10257,-9
-12,14457,14648,-191
9,14033,13743,289
-3,-21949,-21593,-356
11,16186,15756,430
-7,-32019,-31605,-414
-29,74316,74198,118
-30,55322,55423,-100
-11,44877,44875,2
12,-311,-388,77
31,-52057,-52252,195
37,-91826,-91906,80
17,-66237,-66189,-48
-11,-2158,-2070,-88
-35,57788,57972,-184
-23,74158,74142,16
-5,32082,32158,-76
-5,26695,26657,38
-12,20686,20614,71
-11,13422,13435,-13
-16,27078,27192,-114
-15,43325,43283,42
-8,20936,20933,3
4,760,710,50
15,-26730,-26807,77
-2,-15952,-15840,-113
-22,37224,37208,16
-29,51663,51784,-121
1,29893,29762,130
5,-9766,-9580,-187
-14,37048,36923,125
-5,4351,4217,134
20,-42039,-41982,-57
30,-49887,-49962,74
-5,-18336,-18205,-132
-12,24281,24078,203
-21,15601,15985,-383
-2,51068,50828,240
-6,8,250,-242
-7,35246,35040,206
-19,14080,14258,-178
-12,42775,42641,134
1,-602,-529,-73
23,-25113,-25257,144
26,-65999,-65952,-47
-3,-18664,-18599,-65
-11,15904,15774,131
8,-15923,-15867,-55
6,-4194,-4059,-135
8,2468,2256,213
11,-40032,-39968,-63
25,-42384,-42496,112
0,-29098,-28852,-246
-20,45383,45218,165
-30,42722,42898,-175
-11,56268,56166,102
-9,23493,23666,-173
6,18332,18070,262
-11,-12639,-12370,-269
-22,54168,54012,156
-6,10987,10987,0
3,1141,1248,-106
7,1838,1723,115
-9,-2550,-2439,-111
-4,17040,16883,158
-9,1954,2172,-218
11,10793,10531,262
-2,-24107,-23803,-303
1,23661,23354,307
-6,-18958,-18718,-240
11,6692,6465,227
-9,-11372,-11052,-320
-30,75012,74863,149
-17,35719,35688,31
12,-4183,-4143,-40
12,-15163,-15122,-41
0,-5224,-5334,111
7,-26333,-26396,63
16,-38777,-38698,-80
19,-31094,-31145,51
20,-46069,-46129,60
6,-32776,-32685,-91
-13,17573,17588,-15
-6,20698,20631,67
7,-6586,-6516,-70
8,-4391,-4399,8
4,-10378,-10449,70
